"INDEX","ECG_R","PPG_F","PPG_S","PAT1","PAT2","PAT3","ECG_R_INT","ECG_R_FLAG","PPG_F_INT","PPG_F_FLAG","PPG_S_INT","PPG_S_FLAG","PAT1_FLAG","PAT2_FLAG"
2,123,162,210,195,240,435,NA,1,NA,1,NA,1,1,1
3,268,309,356,205,235,440,725,1,735,1,730,1,1,1
4,412,454,495,210,205,415,720,1,725,1,695,1,1,1
5,557,598,646,205,240,445,725,1,720,1,755,1,1,1
6,701,741,792,200,255,455,720,1,715,1,730,1,1,1
7,846,888,935,210,235,445,725,1,735,1,715,1,1,1
8,989,1033,1077,220,220,440,715,1,725,1,710,1,1,1
9,1133,1173,1220,200,235,435,720,1,700,1,715,1,1,1
10,1278,1317,1364,195,235,430,725,1,720,1,720,1,1,1
11,1421,1460,1512,195,260,455,715,1,715,1,740,1,1,1
12,1566,1608,1654,210,230,440,725,1,740,1,710,1,1,1
13,1708,1751,1797,215,230,445,710,1,715,1,715,1,1,1
14,1851,1892,1936,205,220,425,715,1,705,1,695,1,1,1
15,1994,2034,2087,200,265,465,715,1,710,1,755,1,1,1
16,2136,2175,2223,195,240,435,710,1,705,1,680,1,1,1
17,2279,2320,2364,205,220,425,715,1,725,1,705,1,1,1
18,2421,2461,2509,200,240,440,710,1,705,1,725,1,1,1
19,2564,2602,2649,190,235,425,715,1,705,1,700,1,1,1
20,2707,2746,2794,195,240,435,715,1,720,1,725,1,1,1
21,2850,2890,2934,200,220,420,715,1,720,1,700,1,1,1
22,2992,3035,3079,215,220,435,710,1,725,1,725,1,1,1
23,3135,3174,3218,195,220,415,715,1,695,1,695,1,1,1
24,3277,3316,3382,195,330,525,710,1,710,1,820,0,1,0
25,3420,3461,3508,205,235,440,715,1,725,1,630,0,1,1
26,3562,3602,3646,200,220,420,710,1,705,1,690,1,1,1
27,3704,3745,3786,205,205,410,710,1,715,1,700,1,1,1
28,3847,3886,3944,195,290,485,715,1,705,1,790,0,1,0
29,3990,4030,4075,200,225,425,715,1,720,1,655,1,1,1
30,4132,4171,4215,195,220,415,710,1,705,1,700,1,1,1
31,4275,4316,4362,205,230,435,715,1,725,1,735,1,1,1
32,4418,4458,4506,200,240,440,715,1,710,1,720,1,1,1
33,4563,4600,4647,185,235,420,725,1,710,1,705,1,1,1
34,4707,4747,4788,200,205,405,720,1,735,1,705,1,1,1
35,4850,4892,4932,210,200,410,715,1,725,1,720,1,1,1
36,4994,5033,5075,195,210,405,720,1,705,1,715,1,1,1
37,5138,5175,5223,185,240,425,720,1,710,1,740,1,1,1
38,5281,5318,5362,185,220,405,715,1,715,1,695,1,1,1
39,5425,5464,5518,195,270,465,720,1,730,1,780,0,1,1
40,5570,5613,5652,215,195,410,725,1,745,0,670,1,1,1
41,5713,5751,5794,190,215,405,715,1,690,1,710,1,1,1
42,5856,5894,5939,190,225,415,715,1,715,1,725,1,1,1
43,5999,6038,6080,195,210,405,715,1,720,1,705,1,1,1
44,6143,6184,6224,205,200,405,720,1,730,1,720,1,1,1
45,6285,6326,6371,205,225,430,710,1,710,1,735,1,1,1
46,6429,6466,6513,185,235,420,720,1,700,1,710,1,1,1
47,6572,6607,6654,175,235,410,715,1,705,1,705,1,1,1
48,6714,6753,6798,195,225,420,710,1,730,1,720,1,1,1
49,6857,6900,6938,215,190,405,715,1,735,1,700,1,1,1
50,6999,7039,7083,200,220,420,710,1,695,1,725,1,1,1
51,7142,7180,7228,190,240,430,715,1,705,1,725,1,1,1
52,7284,7322,7366,190,220,410,710,1,710,1,690,1,1,1
53,7427,7468,7512,205,220,425,715,1,730,1,730,1,1,1
54,7568,7611,7651,215,200,415,705,1,715,1,695,1,1,1
55,7709,7748,7792,195,220,415,705,1,685,1,705,1,1,1
56,7852,7889,7937,185,240,425,715,1,705,1,725,1,1,1
57,7992,8033,8073,205,200,405,700,1,720,1,680,1,1,1
58,8134,8174,8216,200,210,410,710,1,705,1,715,1,1,1
59,8275,8312,8356,185,220,405,705,1,690,1,700,1,1,1
60,8416,8455,8498,195,215,410,705,1,715,1,710,1,1,1
61,8557,8596,8646,195,250,445,705,1,705,1,740,1,1,1
62,8699,8739,8799,200,300,500,710,1,715,1,765,1,1,0
63,8841,8883,8917,210,170,380,710,1,720,1,590,0,1,0
64,8983,9023,9069,200,230,430,710,1,700,1,760,1,1,1
65,9125,9164,9218,195,270,465,710,1,705,1,745,1,1,1
66,9266,9306,9355,200,245,445,705,1,710,1,685,1,1,1
67,9408,9444,9490,180,230,410,710,1,690,1,675,1,1,1
68,9548,9585,9629,185,220,405,700,1,705,1,695,1,1,1
71,9830,9868,9910,190,210,400,1410,0,1415,0,1405,0,1,1
72,9971,10014,10051,215,185,400,705,1,730,1,705,1,1,1
73,10111,10154,10193,215,195,410,700,1,700,1,710,1,1,1
74,10252,10292,10334,200,210,410,705,1,690,1,705,1,1,1
75,10392,10430,10475,190,225,415,700,1,690,1,705,1,1,1
76,10532,10573,10619,205,230,435,700,1,715,1,720,1,1,1
77,10671,10712,10756,205,220,425,695,1,695,1,685,1,1,1
78,10812,10850,10893,190,215,405,705,1,690,1,685,1,1,1
79,10952,10989,11037,185,240,425,700,1,695,1,720,1,1,1
83,11371,11412,11450,205,190,395,2095,0,2115,0,2065,0,1,1
84,11512,11550,11594,190,220,410,705,1,690,1,720,1,1,1
85,11652,11690,11739,190,245,435,700,1,700,1,725,1,1,1
86,11793,11829,11880,180,255,435,705,1,695,1,705,1,1,1
87,11934,11974,12009,200,175,375,705,1,725,1,645,1,1,1
88,12074,12114,12161,200,235,435,700,1,700,1,760,1,1,1
89,12215,12253,12297,190,220,410,705,1,695,1,680,1,1,1
90,12356,12391,12441,175,250,425,705,1,690,1,720,1,1,1
91,12498,12538,12584,200,230,430,710,1,735,1,715,1,1,1
92,12638,12679,12738,205,295,500,700,1,705,1,770,1,1,0
93,12779,12818,12863,195,225,420,705,1,695,1,625,0,1,1
94,12919,12956,13004,185,240,425,700,1,690,1,705,1,1,1
95,13060,13097,13138,185,205,390,705,1,705,1,670,1,1,1
96,13200,13240,13284,200,220,420,700,1,715,1,730,1,1,1
97,13340,13379,13420,195,205,400,700,1,695,1,680,1,1,1
98,13481,13518,13563,185,225,410,705,1,695,1,715,1,1,1
99,13621,13658,13705,185,235,420,700,1,700,1,710,1,1,1
100,13761,13803,13851,210,240,450,700,1,725,1,730,1,1,1
101,13901,13943,13979,210,180,390,700,1,700,1,640,1,1,1
102,14042,14080,14127,190,235,425,705,1,685,1,740,1,1,1
103,14181,14219,14266,190,235,425,695,1,695,1,695,1,1,1
104,14321,14358,14405,185,235,420,700,1,695,1,695,1,1,1
105,14461,14497,14542,180,225,405,700,1,695,1,685,1,1,1
106,14600,14640,14679,200,195,395,695,1,715,1,685,1,1,1
107,14740,14778,14825,190,235,425,700,1,690,1,730,1,1,1
108,14879,14916,14963,185,235,420,695,1,690,1,690,1,1,1
109,15018,15058,15097,200,195,395,695,1,710,1,670,1,1,1
110,15158,15195,15236,185,205,390,700,1,685,1,695,1,1,1
111,15297,15334,15384,185,250,435,695,1,695,1,740,1,1,1
112,15437,15472,15516,175,220,395,700,1,690,1,660,1,1,1
113,15575,15615,15657,200,210,410,690,1,715,1,705,1,1,1
114,15715,15756,15795,205,195,400,700,1,705,1,690,1,1,1
115,15854,15891,15937,185,230,415,695,1,675,1,710,1,1,1
116,15993,16030,16074,185,220,405,695,1,695,1,685,1,1,1
117,16131,16169,16214,190,225,415,690,1,695,1,700,1,1,1
118,16271,16310,16363,195,265,460,700,1,705,1,745,1,1,1
119,16410,16448,16497,190,245,435,695,1,690,1,670,1,1,1
120,16548,16584,16630,180,230,410,690,1,680,1,665,1,1,1
121,16687,16724,16773,185,245,430,695,1,700,1,715,1,1,1
122,16824,16863,16905,195,210,405,685,1,695,1,660,1,1,1
123,16964,17001,17041,185,200,385,700,1,690,1,680,1,1,1
124,17102,17135,17179,165,220,385,690,1,670,1,690,1,1,1
125,17241,17277,17324,180,235,415,695,1,710,1,725,1,1,1
126,17379,17415,17462,180,235,415,690,1,690,1,690,1,1,1
127,17518,17553,17602,175,245,420,695,1,690,1,700,1,1,1
128,17656,17692,17734,180,210,390,690,1,695,1,660,1,1,1
129,17794,17832,17877,190,225,415,690,1,700,1,715,1,1,1
130,17932,17969,18010,185,205,390,690,1,685,1,665,1,1,1
131,18071,18108,18149,185,205,390,695,1,695,1,695,1,1,1
132,18209,18248,18288,195,200,395,690,1,700,1,695,1,1,1
133,18348,18386,18430,190,220,410,695,1,690,1,710,1,1,1
134,18487,18524,18568,185,220,405,695,1,690,1,690,1,1,1
135,18626,18662,18705,180,215,395,695,1,690,1,685,1,1,1
136,18765,18803,18839,190,180,370,695,1,705,1,670,1,1,1
137,18904,18940,18983,180,215,395,695,1,685,1,720,1,1,1
140,19184,19221,19265,185,220,405,1400,0,1405,0,1410,0,1,1
141,19323,19358,19406,175,240,415,695,1,685,1,705,1,1,1
142,19463,19499,19542,180,215,395,700,1,705,1,680,1,1,1
143,19603,19640,19681,185,205,390,700,1,705,1,695,1,1,1
144,19742,19780,19828,190,240,430,695,1,700,1,735,1,1,1
145,19882,19921,19964,195,215,410,700,1,705,1,680,1,1,1
146,20022,20057,20105,175,240,415,700,1,680,1,705,1,1,1
147,20163,20196,20244,165,240,405,705,1,695,1,695,1,1,1
148,20303,20342,20382,195,200,395,700,1,730,1,690,1,1,1
149,20443,20479,20524,180,225,405,700,1,685,1,710,1,1,1
150,20584,20620,20664,180,220,400,705,1,705,1,700,1,1,1
151,20724,20758,20801,170,215,385,700,1,690,1,685,1,1,1
152,20866,20904,20945,190,205,395,710,1,730,1,720,1,1,1
153,21006,21045,21083,195,190,385,700,1,705,1,690,1,1,1
154,21147,21181,21225,170,220,390,705,1,680,1,710,1,1,1
155,21287,21324,21371,185,235,420,700,1,715,1,730,1,1,1
156,21428,21466,21506,190,200,390,705,1,710,1,675,1,1,1
159,21709,21747,21789,190,210,400,1405,0,1405,0,1415,0,1,1
160,21850,21886,21931,180,225,405,705,1,695,1,710,1,1,1
163,22132,22169,22208,185,195,380,1410,0,1415,0,1385,0,1,1
164,22272,22310,22353,190,215,405,700,1,705,1,725,1,1,1
165,22413,22451,22492,190,205,395,705,1,705,1,695,1,1,1
166,22555,22592,22639,185,235,420,710,1,705,1,735,1,1,1
167,22695,22733,22778,190,225,415,700,1,705,1,695,1,1,1
168,22837,22874,22919,185,225,410,710,1,705,1,705,1,1,1
169,22978,23016,23056,190,200,390,705,1,710,1,685,1,1,1
170,23119,23157,23202,190,225,415,705,1,705,1,730,1,1,1
171,23261,23297,23345,180,240,420,710,1,700,1,715,1,1,1
172,23402,23440,23486,190,230,420,705,1,715,1,705,1,1,1
173,23542,23580,23624,190,220,410,700,1,700,1,690,1,1,1
174,23683,23721,23770,190,245,435,705,1,705,1,730,1,1,1
175,23823,23860,23919,185,295,480,700,1,695,1,745,1,1,0
