"INDEX","ECG_R","PPG_F","PPG_S","PAT1","PAT2","PAT3","ECG_R_INT","ECG_R_FLAG","PPG_F_INT","PPG_F_FLAG","PPG_S_INT","PPG_S_FLAG","PAT1_FLAG","PAT2_FLAG"
3,267,317,352,250,175,425,NA,1,NA,1,NA,1,1,1
4,418,469,518,255,245,500,755,1,760,1,830,1,1,1
5,566,618,656,260,190,450,740,1,745,1,690,1,1,1
6,716,767,807,255,200,455,750,1,745,1,755,1,1,1
7,866,918,962,260,220,480,750,1,755,1,775,1,1,1
8,1017,1069,1128,260,295,555,755,1,755,1,830,1,1,1
9,1167,1220,1275,265,275,540,750,1,755,1,735,1,1,1
10,1316,1370,1398,270,140,410,745,1,750,1,615,1,1,1
11,1465,1514,1565,245,255,500,745,1,720,1,835,1,1,1
12,1615,1666,1735,255,345,600,750,1,760,1,850,1,1,1
13,1764,1820,1858,280,190,470,745,1,770,1,615,1,1,1
14,1915,1967,2022,260,275,535,755,1,735,1,820,1,1,1
15,2068,2125,2170,285,225,510,765,1,790,1,740,1,1,1
16,2221,2273,2315,260,210,470,765,1,740,1,725,1,1,1
17,2375,2427,2468,260,205,465,770,1,770,1,765,1,1,1
18,2528,2575,2622,235,235,470,765,1,740,1,770,1,1,1
19,2683,2734,2775,255,205,460,775,1,795,1,765,1,1,1
20,2835,2887,2926,260,195,455,760,1,765,1,755,1,1,1
21,2991,3041,3096,250,275,525,780,1,770,1,850,1,1,1
22,3144,3197,3233,265,180,445,765,1,780,1,685,1,1,1
23,3294,3341,3387,235,230,465,750,1,720,1,770,1,1,1
24,3445,3493,3557,240,320,560,755,1,760,1,850,1,1,1
25,3596,3649,3675,265,130,395,755,1,780,1,590,1,1,1
26,3748,3802,3844,270,210,480,760,1,765,1,845,1,1,1
27,3900,3948,3984,240,180,420,760,1,730,1,700,1,1,1
28,4054,4107,4157,265,250,515,770,1,795,1,865,1,1,1
29,4209,4263,4314,270,255,525,775,1,780,1,785,1,1,1
30,4362,4369,4439,35,350,385,765,1,530,0,625,1,0,1
31,4512,4572,4652,300,400,700,750,1,1015,0,1065,0,1,0
32,4662,4715,4744,265,145,410,750,1,715,1,460,0,1,1
33,4786,4798,4830,60,160,220,620,0,415,0,430,0,0,1
34,4866,4879,4911,65,160,225,400,0,405,0,405,0,0,1
35,4967,5018,5055,255,185,440,505,0,695,1,720,1,1,1
36,5119,5176,5267,285,455,740,760,1,790,1,1060,0,1,0
37,5268,5327,5381,295,270,565,745,1,755,1,570,1,1,1
38,5415,5430,5524,75,470,545,735,1,515,0,715,1,0,0
39,5564,5619,5651,275,160,435,745,1,945,0,635,1,1,1
40,5710,5763,5787,265,120,385,730,1,720,1,680,1,1,1
41,5799,5859,5868,300,45,345,445,0,480,0,405,0,1,1
42,5919,5951,5969,160,90,250,600,0,460,0,505,1,0,1
43,6001,6055,6084,270,145,415,410,0,520,0,575,1,1,1
44,6145,6157,6168,60,55,115,720,1,510,0,420,0,0,1
45,6289,6340,6375,255,175,430,720,1,915,0,1035,0,1,1
46,6433,6479,6519,230,200,430,720,1,695,1,720,1,1,1
47,6576,6626,6710,250,420,670,715,1,735,1,955,1,1,0
48,6717,6725,6792,40,335,375,705,1,495,0,410,0,0,1
49,6857,6858,6930,5,360,365,700,1,665,1,690,1,0,1
50,6998,7055,7082,285,135,420,705,1,985,0,760,1,1,1
51,7138,7187,7222,245,175,420,700,1,660,1,700,1,1,1
52,7280,7330,7361,250,155,405,710,1,715,1,695,1,1,1
53,7423,7476,7518,265,210,475,715,1,730,1,785,1,1,1
54,7567,7619,7697,260,390,650,720,1,715,1,895,1,1,1
55,7712,7767,7809,275,210,485,725,1,740,1,560,1,1,1
56,7855,7905,7940,250,175,425,715,1,690,1,655,1,1,1
57,7999,8052,8084,265,160,425,720,1,735,1,720,1,1,1
58,8146,8195,8230,245,175,420,735,1,715,1,730,1,1,1
59,8292,8342,8379,250,185,435,730,1,735,1,745,1,1,1
60,8438,8488,8540,250,260,510,730,1,730,1,805,1,1,1
61,8583,8639,8681,280,210,490,725,1,755,1,705,1,1,1
62,8726,8774,8810,240,180,420,715,1,675,1,645,1,1,1
63,8871,8922,8963,255,205,460,725,1,740,1,765,1,1,1
64,9018,9066,9105,240,195,435,735,1,720,1,710,1,1,1
65,9164,9214,9245,250,155,405,730,1,740,1,700,1,1,1
66,9308,9358,9409,250,255,505,720,1,720,1,820,1,1,1
67,9453,9507,9536,270,145,415,725,1,745,1,635,1,1,1
68,9598,9646,9679,240,165,405,725,1,695,1,715,1,1,1
69,9743,9792,9825,245,165,410,725,1,730,1,730,1,1,1
70,9890,9941,9994,255,265,520,735,1,745,1,845,1,1,1
71,10035,10084,10140,245,280,525,725,1,715,1,730,1,1,1
72,10178,10233,10268,275,175,450,715,1,745,1,640,1,1,1
73,10324,10377,10416,265,195,460,730,1,720,1,740,1,1,1
74,10470,10520,10556,250,180,430,730,1,715,1,700,1,1,1
75,10618,10671,10704,265,165,430,740,1,755,1,740,1,1,1
76,10766,10810,10867,220,285,505,740,1,695,1,815,1,1,1
77,10913,10967,11011,270,220,490,735,1,785,1,720,1,1,1
78,11061,11112,11149,255,185,440,740,1,725,1,690,1,1,1
79,11210,11264,11297,270,165,435,745,1,760,1,740,1,1,1
80,11356,11411,11442,275,155,430,730,1,735,1,725,1,1,1
81,11502,11549,11583,235,170,405,730,1,690,1,705,1,1,1
82,11649,11704,11735,275,155,430,735,1,775,1,760,1,1,1
83,11796,11851,11880,275,145,420,735,1,735,1,725,1,1,1
84,11943,11992,12024,245,160,405,735,1,705,1,720,1,1,1
85,12094,12146,12169,260,115,375,755,1,770,1,725,1,1,1
86,12241,12294,12359,265,325,590,735,1,740,1,950,1,1,1
87,12388,12438,12468,250,150,400,735,1,720,1,545,1,1,1
88,12535,12589,12625,270,180,450,735,1,755,1,785,1,1,1
89,12684,12732,12763,240,155,395,745,1,715,1,690,1,1,1
90,12835,12884,12950,245,330,575,755,1,760,1,935,1,1,1
91,12984,13005,13056,105,255,360,745,1,605,0,530,1,0,1
92,13131,13178,13266,235,440,675,735,1,865,0,1050,0,1,0
93,13279,13328,13358,245,150,395,740,1,750,1,460,0,1,1
94,13428,13480,13523,260,215,475,745,1,760,1,825,1,1,1
95,13577,13632,13663,275,155,430,745,1,760,1,700,1,1,1
96,13704,13725,13746,105,105,210,635,0,465,0,415,0,0,1
97,13788,13824,13845,180,105,285,420,0,495,0,495,0,0,1
98,13869,13922,13967,265,225,490,405,0,490,0,610,1,1,1
99,14016,14065,14127,245,310,555,735,1,715,1,800,1,1,1
101,14231,14274,14327,215,265,480,1075,0,1045,0,1000,0,1,1
102,14318,14368,14464,250,480,730,435,0,470,0,685,1,1,0
103,14471,14524,14563,265,195,460,765,1,780,1,495,0,1,1
104,14584,14608,14699,120,455,575,565,0,420,0,680,1,0,0
105,14673,14708,14782,175,370,545,445,0,500,0,415,0,0,1
106,14767,14813,14866,230,265,495,470,0,525,0,420,0,1,1
108,15067,15123,15160,280,185,465,1500,0,1550,0,1470,0,1,1
112,15653,15655,15675,10,100,110,2930,0,2660,0,2575,0,0,1
113,15800,15844,15887,220,215,435,735,1,945,0,1060,0,1,1
114,15946,16000,16024,270,120,390,730,1,780,1,685,1,1,1
115,16090,16091,16107,5,80,85,720,1,455,0,415,0,0,1
116,16234,16254,16273,100,95,195,720,1,815,1,830,1,0,1
117,16381,16431,16467,250,180,430,735,1,885,0,970,1,1,1
118,16527,16578,16641,255,315,570,730,1,735,1,870,1,1,1
120,16814,16858,16899,220,205,425,1435,0,1400,0,1290,0,1,1
121,16958,17009,17046,255,185,440,720,1,755,1,735,1,1,1
122,17103,17155,17225,260,350,610,725,1,730,1,895,1,1,1
123,17243,17258,17336,75,390,465,700,1,515,0,555,1,0,1
124,17393,17440,17491,235,255,490,750,1,910,0,775,1,1,1
125,17538,17549,17585,55,180,235,725,1,545,0,470,0,0,1
126,17681,17732,17777,255,225,480,715,1,915,0,960,1,1,1
127,17825,17877,17917,260,200,460,720,1,725,1,700,1,1,1
128,17967,18020,18054,265,170,435,710,1,715,1,685,1,1,1
129,18110,18162,18201,260,195,455,715,1,710,1,735,1,1,1
131,18392,18437,18477,225,200,425,1410,0,1375,0,1380,0,1,1
132,18533,18585,18622,260,185,445,705,1,740,1,725,1,1,1
133,18675,18727,18760,260,165,425,710,1,710,1,690,1,1,1
134,18818,18866,18900,240,170,410,715,1,695,1,700,1,1,1
135,18959,19012,19062,265,250,515,705,1,730,1,810,1,1,1
136,19100,19152,19181,260,145,405,705,1,700,1,595,1,1,1
137,19240,19296,19334,280,190,470,700,1,720,1,765,1,1,1
138,19381,19432,19459,255,135,390,705,1,680,1,625,1,1,1
139,19521,19571,19604,250,165,415,700,1,695,1,725,1,1,1
140,19663,19711,19752,240,205,445,710,1,700,1,740,1,1,1
141,19807,19860,19896,265,180,445,720,1,745,1,720,1,1,1
142,19952,20005,20031,265,130,395,725,1,725,1,675,1,1,1
143,20093,20152,20184,295,160,455,705,1,735,1,765,1,1,1
144,20236,20286,20321,250,175,425,715,1,670,1,685,1,1,1
145,20382,20431,20466,245,175,420,730,1,725,1,725,1,1,1
146,20526,20572,20626,230,270,500,720,1,705,1,800,1,1,1
147,20672,20727,20760,275,165,440,730,1,775,1,670,1,1,1
148,20815,20871,20902,280,155,435,715,1,720,1,710,1,1,1
149,20961,21011,21048,250,185,435,730,1,700,1,730,1,1,1
150,21106,21158,21194,260,180,440,725,1,735,1,730,1,1,1
151,21252,21302,21339,250,185,435,730,1,720,1,725,1,1,1
152,21396,21443,21472,235,145,380,720,1,705,1,665,1,1,1
153,21540,21587,21625,235,190,425,720,1,720,1,765,1,1,1
154,21687,21739,21769,260,150,410,735,1,760,1,720,1,1,1
155,21830,21867,21912,185,225,410,715,1,640,1,715,1,0,1
156,21980,22023,22060,215,185,400,750,1,780,1,740,1,1,1
157,22130,22175,22229,225,270,495,750,1,760,1,845,1,1,1
159,22422,22478,22562,280,420,700,1460,0,1515,0,1665,0,1,0
160,22567,22620,22651,265,155,420,725,1,710,1,445,0,1,1
161,22712,22762,22816,250,270,520,725,1,710,1,825,1,1,1
162,22855,22905,22962,250,285,535,715,1,715,1,730,1,1,1
164,23138,23182,23217,220,175,395,1415,0,1385,0,1275,0,1,1
165,23280,23332,23377,260,225,485,710,1,750,1,800,1,1,1
166,23421,23476,23522,275,230,505,705,1,720,1,725,1,1,1
167,23562,23614,23644,260,150,410,705,1,690,1,610,1,1,1
168,23702,23755,23805,265,250,515,700,1,705,1,805,1,1,1
169,23840,23894,23903,270,45,315,690,1,695,1,490,0,1,1
