"INDEX","ECG_R","PPG_F","PPG_S","PAT1","PAT2","PAT3","ECG_R_INT","ECG_R_FLAG","PPG_F_INT","PPG_F_FLAG","PPG_S_INT","PPG_S_FLAG","PAT1_FLAG","PAT2_FLAG"
1,17,53,123,180,350,530,NA,1,NA,1,NA,1,1,1
2,165,197,277,160,400,560,740,1,720,1,770,1,1,1
3,307,343,386,180,215,395,710,1,730,1,545,1,1,1
4,451,484,552,165,340,505,720,1,705,1,830,1,1,1
5,607,640,731,165,455,620,780,1,780,1,895,1,1,1
6,770,806,885,180,395,575,815,1,830,1,770,1,1,1
7,923,958,1034,175,380,555,765,1,760,1,745,1,1,1
8,1077,1109,1188,160,395,555,770,1,755,1,770,1,1,1
9,1232,1266,1337,170,355,525,775,1,785,1,745,1,1,1
10,1384,1414,1498,150,420,570,760,1,740,1,805,1,1,1
11,1529,1566,1641,185,375,560,725,1,760,1,715,1,1,1
12,1676,1714,1789,190,375,565,735,1,740,1,740,1,1,1
13,1831,1865,1911,170,230,400,775,1,755,1,610,1,1,1
14,1979,2013,2082,170,345,515,740,1,740,1,855,1,1,1
15,2128,2164,2233,180,345,525,745,1,755,1,755,1,1,1
16,2283,2318,2394,175,380,555,775,1,770,1,805,1,1,1
17,2435,2471,2547,180,380,560,760,1,765,1,765,1,1,1
18,2583,2621,2658,190,185,375,740,1,750,1,555,1,1,1
19,2723,2761,2796,190,175,365,700,1,700,1,690,1,1,1
20,2859,2896,2932,185,180,365,680,1,675,1,680,1,1,1
21,2993,3029,3077,180,240,420,670,1,665,1,725,1,1,1
22,3131,3164,3251,165,435,600,690,1,675,1,870,1,1,1
23,3277,3312,3379,175,335,510,730,1,740,1,640,1,1,1
24,3425,3458,3524,165,330,495,740,1,730,1,725,1,1,1
25,3570,3605,3683,175,390,565,725,1,735,1,795,1,1,1
26,3719,3754,3832,175,390,565,745,1,745,1,745,1,1,1
27,3868,3903,3944,175,205,380,745,1,745,1,560,1,1,1
28,4017,4051,4127,170,380,550,745,1,740,1,915,1,1,1
29,4162,4207,4283,225,380,605,725,1,780,1,780,1,0,1
30,4298,4334,4376,180,210,390,680,1,635,1,465,1,1,1
31,4433,4471,4509,190,190,380,675,1,685,1,665,1,1,1
32,4571,4605,4662,170,285,455,690,1,670,1,765,1,1,1
33,4708,4744,4787,180,215,395,685,1,695,1,625,1,1,1
34,4845,4880,4934,175,270,445,685,1,680,1,735,1,1,1
35,4988,5020,5085,160,325,485,715,1,700,1,755,1,1,1
36,5142,5175,5248,165,365,530,770,1,775,1,815,1,1,1
37,5294,5332,5380,190,240,430,760,1,785,1,660,1,1,1
38,5441,5474,5556,165,410,575,735,1,710,1,880,1,1,1
39,5594,5628,5707,170,395,565,765,1,770,1,755,1,1,1
40,5742,5777,5862,175,425,600,740,1,745,1,775,1,1,1
41,5888,5923,6006,175,415,590,730,1,730,1,720,1,1,1
42,6022,6059,6100,185,205,390,670,1,680,1,470,1,1,1
43,6148,6183,6259,175,380,555,630,1,620,1,795,1,1,1
44,6290,6327,6402,185,375,560,710,1,720,1,715,1,1,1
45,6429,6467,6508,190,205,395,695,1,700,1,530,1,1,1
46,6565,6602,6648,185,230,415,680,1,675,1,700,1,1,1
47,6704,6741,6817,185,380,565,695,1,695,1,845,1,1,1
48,6851,6888,6950,185,310,495,735,1,735,1,665,1,1,1
49,7004,7038,7111,170,365,535,765,1,750,1,805,1,1,1
50,7160,7196,7261,180,325,505,780,1,790,1,750,1,1,1
51,7312,7349,7424,185,375,560,760,1,765,1,815,1,1,1
52,7465,7502,7578,185,380,565,765,1,765,1,770,1,1,1
53,7623,7657,7743,170,430,600,790,1,775,1,825,1,1,1
54,7777,7814,7887,185,365,550,770,1,785,1,720,1,1,1
55,7922,7960,8037,190,385,575,725,1,730,1,750,1,1,1
56,8059,8095,8144,180,245,425,685,1,675,1,535,1,1,1
57,8196,8232,8302,180,350,530,685,1,685,1,790,1,1,1
58,8334,8368,8420,170,260,430,690,1,680,1,590,1,1,1
59,8472,8512,8559,200,235,435,690,1,720,1,695,1,1,1
60,8608,8645,8715,185,350,535,680,1,665,1,780,1,1,1
61,8748,8784,8828,180,220,400,700,1,695,1,565,1,1,1
62,8891,8924,8980,165,280,445,715,1,700,1,760,1,1,1
63,9038,9075,9121,185,230,415,735,1,755,1,705,1,1,1
64,9179,9211,9296,160,425,585,705,1,680,1,875,1,1,1
65,9327,9363,9430,180,335,515,740,1,760,1,670,1,1,1
66,9480,9514,9583,170,345,515,765,1,755,1,765,1,1,1
67,9632,9672,9742,200,350,550,760,1,790,1,795,1,1,1
68,9776,9814,9851,190,185,375,720,1,710,1,545,1,1,1
69,9921,9958,10027,185,345,530,725,1,720,1,880,1,1,1
70,10068,10107,10183,195,380,575,735,1,745,1,780,1,1,1
71,10214,10247,10296,165,245,410,730,1,700,1,565,1,1,1
72,10356,10392,10444,180,260,440,710,1,725,1,740,1,1,1
73,10494,10529,10614,175,425,600,690,1,685,1,850,1,1,1
74,10628,10664,10704,180,200,380,670,1,675,1,450,1,1,1
75,10759,10796,10833,185,185,370,655,1,660,1,645,1,1,1
76,10884,10920,10965,180,225,405,625,1,620,1,660,1,1,1
77,11005,11045,11078,200,165,365,605,1,625,1,565,1,1,1
78,11124,11156,11205,160,245,405,595,1,555,0,635,1,1,1
79,11242,11277,11324,175,235,410,590,1,605,1,595,1,1,1
80,11369,11400,11445,155,225,380,635,1,615,1,605,1,1,1
81,11496,11530,11583,170,265,435,635,1,650,1,690,1,1,1
82,11637,11671,11721,170,250,420,705,1,705,1,690,1,1,1
83,11785,11819,11896,170,385,555,740,1,740,1,875,1,1,1
84,11936,11971,12046,175,375,550,755,1,760,1,750,1,1,1
85,12091,12128,12206,185,390,575,775,1,785,1,800,1,1,1
86,12242,12278,12357,180,395,575,755,1,750,1,755,1,1,1
87,12390,12425,12466,175,205,380,740,1,735,1,545,1,1,1
88,12536,12574,12652,190,390,580,730,1,745,1,930,1,1,1
89,12680,12716,12759,180,215,395,720,1,710,1,535,1,1,1
90,12815,12853,12918,190,325,515,675,1,685,1,795,1,1,1
91,12947,12985,13052,190,335,525,660,1,660,1,670,1,1,1
92,13079,13116,13155,185,195,380,660,1,655,1,515,1,1,1
93,13214,13246,13322,160,380,540,675,1,650,1,835,1,1,1
94,13361,13396,13466,175,350,525,735,1,750,1,720,1,1,1
95,13520,13556,13612,180,280,460,795,1,800,1,730,1,1,1
96,13664,13700,13776,180,380,560,720,1,720,1,820,1,1,1
98,13824,13859,13936,175,385,560,800,1,795,1,800,1,1,1
100,13991,14027,14102,180,375,555,835,1,840,1,830,1,1,1
102,14158,14195,14272,185,385,570,835,1,840,1,850,1,1,1
103,14309,14346,14415,185,345,530,755,1,755,1,715,1,1,1
104,14466,14502,14574,180,360,540,785,1,780,1,795,1,1,1
106,14626,14663,14714,185,255,440,800,1,805,1,700,1,1,1
107,14786,14820,14896,170,380,550,800,1,785,1,910,1,1,1
108,14937,14974,15055,185,405,590,755,1,770,1,795,1,1,1
109,15085,15121,15165,180,220,400,740,1,735,1,550,1,1,1
110,15226,15265,15306,195,205,400,705,1,720,1,705,1,1,1
111,15361,15398,15440,185,210,395,675,1,665,1,670,1,1,1
112,15493,15527,15575,170,240,410,660,1,645,1,675,1,1,1
113,15624,15659,15707,175,240,415,655,1,660,1,660,1,1,1
114,15760,15794,15861,170,335,505,680,1,675,1,770,1,1,1
115,15902,15934,16004,160,350,510,710,1,700,1,715,1,1,1
116,16040,16076,16155,180,395,575,690,1,710,1,755,1,1,1
117,16184,16219,16287,175,340,515,720,1,715,1,660,1,1,1
118,16335,16372,16441,185,345,530,755,1,765,1,770,1,1,1
119,16494,16532,16602,190,350,540,795,1,800,1,805,1,1,1
120,16645,16683,16768,190,425,615,755,1,755,1,830,1,1,1
121,16799,16836,16884,185,240,425,770,1,765,1,580,1,1,1
122,16951,16989,17030,190,205,395,760,1,765,1,730,1,1,1
123,17102,17137,17180,175,215,390,755,1,740,1,750,1,1,1
124,17241,17279,17323,190,220,410,695,1,710,1,715,1,1,1
125,17379,17417,17453,190,180,370,690,1,690,1,650,1,1,1
126,17512,17549,17592,185,215,400,665,1,660,1,695,1,1,1
127,17647,17683,17758,180,375,555,675,1,670,1,830,1,1,1
128,17784,17821,17889,185,340,525,685,1,690,1,655,1,1,1
129,17922,17957,18021,175,320,495,690,1,680,1,660,1,1,1
130,18057,18092,18133,175,205,380,675,1,675,1,560,1,1,1
131,18190,18229,18267,195,190,385,665,1,685,1,670,1,1,1
132,18320,18357,18396,185,195,380,650,1,640,1,645,1,1,1
133,18452,18487,18534,175,235,410,660,1,650,1,690,1,1,1
134,18600,18636,18707,180,355,535,740,1,745,1,865,1,1,1
135,18758,18791,18865,165,370,535,790,1,775,1,790,1,1,1
136,18917,18953,19030,180,385,565,795,1,810,1,825,1,1,1
137,19074,19111,19191,185,400,585,785,1,790,1,805,1,1,1
138,19233,19270,19334,185,320,505,795,1,795,1,715,1,1,1
139,19384,19420,19493,180,365,545,755,1,750,1,795,1,1,1
140,19534,19573,19615,195,210,405,750,1,765,1,610,1,1,1
141,19678,19715,19790,185,375,560,720,1,710,1,875,1,1,1
142,19816,19852,19898,180,230,410,690,1,685,1,540,1,1,1
143,19953,19989,20030,180,205,385,685,1,685,1,660,1,1,1
144,20086,20122,20163,180,205,385,665,1,665,1,665,1,1,1
145,20218,20256,20300,190,220,410,660,1,670,1,685,1,1,1
146,20347,20383,20417,180,170,350,645,1,635,1,585,1,1,1
147,20474,20508,20585,170,385,555,635,1,625,1,840,1,1,1
148,20605,20642,20681,185,195,380,655,1,670,1,480,1,1,1
149,20748,20781,20828,165,235,400,715,1,695,1,735,1,1,1
150,20890,20928,20984,190,280,470,710,1,735,1,780,1,1,1
151,21025,21059,21100,170,205,375,675,1,655,1,580,1,1,1
152,21172,21201,21256,145,275,420,735,1,710,1,780,1,0,1
153,21330,21358,21439,140,405,545,790,1,785,1,915,1,0,1
154,21483,21521,21562,190,205,395,765,1,815,1,615,1,1,1
155,21627,21662,21719,175,285,460,720,1,705,1,785,1,1,1
156,21777,21812,21888,175,380,555,750,1,750,1,845,1,1,1
157,21928,21964,22021,180,285,465,755,1,760,1,665,1,1,1
158,22073,22110,22190,185,400,585,725,1,730,1,845,1,1,1
159,22212,22247,22293,175,230,405,695,1,685,1,515,1,1,1
160,22348,22383,22424,175,205,380,680,1,680,1,655,1,1,1
161,22481,22517,22557,180,200,380,665,1,670,1,665,1,1,1
162,22610,22644,22689,170,225,395,645,1,635,1,660,1,1,1
163,22737,22770,22815,165,225,390,635,1,630,1,630,1,1,1
164,22861,22897,22970,180,365,545,620,1,635,1,775,1,1,1
165,22987,23021,23059,170,190,360,630,1,620,1,445,0,1,1
166,23113,23148,23196,175,240,415,630,1,635,1,685,1,1,1
167,23239,23273,23321,170,240,410,630,1,625,1,625,1,1,1
168,23370,23405,23451,175,230,405,655,1,660,1,650,1,1,1
169,23510,23544,23598,170,270,440,700,1,695,1,735,1,1,1
170,23651,23684,23735,165,255,420,705,1,700,1,685,1,1,1
171,23790,23825,23865,175,200,375,695,1,705,1,650,1,1,1
