"INDEX","ECG_R","PPG_F","PPG_S","PAT1","PAT2","PAT3","ECG_R_INT","ECG_R_FLAG","PPG_F_INT","PPG_F_FLAG","PPG_S_INT","PPG_S_FLAG","PAT1_FLAG","PAT2_FLAG"
2,138,176,230,190,270,460,NA,1,NA,1,NA,1,1,1
3,295,329,383,170,270,440,785,1,765,1,765,1,1,1
4,452,486,543,170,285,455,785,1,785,1,800,1,1,1
5,610,646,699,180,265,445,790,1,800,1,780,1,1,1
6,768,805,845,185,200,385,790,1,795,1,730,1,0,1
7,925,961,1008,180,235,415,785,1,780,1,815,1,1,1
8,1078,1114,1159,180,225,405,765,1,765,1,755,1,1,1
9,1232,1267,1343,175,380,555,770,1,765,1,920,0,1,0
10,1385,1421,1460,180,195,375,765,1,770,1,585,0,1,1
11,1540,1553,1625,65,360,425,775,1,660,0,825,1,0,0
12,1690,1727,1772,185,225,410,750,1,870,0,735,1,0,1
13,1840,1875,1918,175,215,390,750,1,740,1,730,1,1,1
14,1991,2025,2080,170,275,445,755,1,750,1,810,1,1,1
15,2147,2180,2238,165,290,455,780,1,775,1,790,1,1,1
16,2303,2336,2407,165,355,520,780,1,780,1,845,1,1,0
17,2459,2496,2556,185,300,485,780,1,800,1,745,1,0,1
18,2614,2650,2691,180,205,385,775,1,770,1,675,0,1,1
19,2768,2801,2850,165,245,410,770,1,755,1,795,1,1,1
20,2922,2956,3006,170,250,420,770,1,775,1,780,1,1,1
21,3078,3112,3170,170,290,460,780,1,780,1,820,1,1,1
22,3229,3265,3308,180,215,395,755,1,765,1,690,1,1,1
23,3381,3415,3462,170,235,405,760,1,750,1,770,1,1,1
24,3533,3566,3619,165,265,430,760,1,755,1,785,1,1,1
25,3686,3719,3766,165,235,400,765,1,765,1,735,1,1,1
26,3838,3873,3916,175,215,390,760,1,770,1,750,1,1,1
27,3988,4023,4066,175,215,390,750,1,750,1,750,1,1,1
28,4140,4174,4220,170,230,400,760,1,755,1,770,1,1,1
29,4292,4327,4373,175,230,405,760,1,765,1,765,1,1,1
30,4446,4481,4533,175,260,435,770,1,770,1,800,1,1,1
31,4600,4635,4678,175,215,390,770,1,770,1,725,1,1,1
32,4753,4788,4841,175,265,440,765,1,765,1,815,1,1,1
33,4907,4942,4990,175,240,415,770,1,770,1,745,1,1,1
34,5061,5095,5148,170,265,435,770,1,765,1,790,1,1,1
35,5217,5252,5295,175,215,390,780,1,785,1,735,1,1,1
36,5374,5406,5454,160,240,400,785,1,770,1,795,1,0,1
37,5530,5564,5612,170,240,410,780,1,790,1,790,1,1,1
38,5688,5722,5773,170,255,425,790,1,790,1,805,1,1,1
39,5847,5881,5936,170,275,445,795,1,795,1,815,1,1,1
41,6008,6043,6100,175,285,460,805,1,810,1,820,1,1,1
42,6167,6203,6261,180,290,470,795,1,800,1,805,1,1,1
43,6324,6358,6411,170,265,435,785,1,775,1,750,1,1,1
44,6481,6515,6566,170,255,425,785,1,785,1,775,1,1,1
45,6639,6674,6732,175,290,465,790,1,795,1,830,1,1,1
46,6797,6832,6878,175,230,405,790,1,790,1,730,1,1,1
47,6952,6987,7036,175,245,420,775,1,775,1,790,1,1,1
48,7105,7140,7196,175,280,455,765,1,765,1,800,1,1,1
49,7260,7293,7340,165,235,400,775,1,765,1,720,1,1,1
50,7415,7448,7496,165,240,405,775,1,775,1,780,1,1,1
51,7570,7605,7654,175,245,420,775,1,785,1,790,1,1,1
52,7724,7758,7810,170,260,430,770,1,765,1,780,1,1,1
53,7875,7909,7960,170,255,425,755,1,755,1,750,1,1,1
54,8029,8062,8115,165,265,430,770,1,765,1,775,1,1,1
55,8183,8216,8269,165,265,430,770,1,770,1,770,1,1,1
56,8339,8373,8430,170,285,455,780,1,785,1,805,1,1,1
57,8493,8527,8575,170,240,410,770,1,770,1,725,1,1,1
58,8645,8681,8725,180,220,400,760,1,770,1,750,1,1,1
59,8799,8833,8886,170,265,435,770,1,760,1,805,1,1,1
60,8954,8989,9040,175,255,430,775,1,780,1,770,1,1,1
61,9109,9145,9189,180,220,400,775,1,780,1,745,1,1,1
62,9261,9293,9338,160,225,385,760,1,740,1,745,1,0,1
63,9414,9450,9519,180,345,525,765,1,785,1,905,0,1,0
64,9569,9604,9651,175,235,410,775,1,770,1,660,0,1,1
65,9724,9758,9803,170,225,395,775,1,770,1,760,1,1,1
66,9878,9913,9956,175,215,390,770,1,775,1,765,1,1,1
67,10029,10064,10123,175,295,470,755,1,755,1,835,1,1,1
68,10183,10217,10265,170,240,410,770,1,765,1,710,1,1,1
69,10334,10370,10417,180,235,415,755,1,765,1,760,1,1,1
70,10485,10519,10576,170,285,455,755,1,745,1,795,1,1,1
71,10641,10675,10728,170,265,435,780,1,780,1,760,1,1,1
72,10799,10831,10878,160,235,395,790,1,780,1,750,1,0,1
73,10957,10990,11046,165,280,445,790,1,795,1,840,1,1,1
74,11112,11147,11201,175,270,445,775,1,785,1,775,1,1,1
75,11268,11302,11355,170,265,435,780,1,775,1,770,1,1,1
76,11427,11461,11513,170,260,430,795,1,795,1,790,1,1,1
77,11586,11620,11668,170,240,410,795,1,795,1,775,1,1,1
78,11743,11778,11822,175,220,395,785,1,790,1,770,1,1,1
79,11899,11934,11992,175,290,465,780,1,780,1,850,1,1,1
80,12056,12090,12141,170,255,425,785,1,780,1,745,1,1,1
81,12213,12246,12292,165,230,395,785,1,780,1,755,1,1,1
82,12370,12404,12450,170,230,400,785,1,790,1,790,1,1,1
83,12525,12561,12610,180,245,425,775,1,785,1,800,1,1,1
84,12679,12712,12760,165,240,405,770,1,755,1,750,1,1,1
85,12836,12869,12921,165,260,425,785,1,785,1,805,1,1,1
86,12992,13026,13072,170,230,400,780,1,785,1,755,1,1,1
87,13149,13183,13231,170,240,410,785,1,785,1,795,1,1,1
88,13304,13339,13383,175,220,395,775,1,780,1,760,1,1,1
89,13460,13495,13546,175,255,430,780,1,780,1,815,1,1,1
91,13633,13652,13703,95,255,350,865,0,785,1,785,1,0,1
92,13780,13813,13871,165,290,455,735,0,805,1,840,1,1,1
94,13941,13975,14028,170,265,435,805,1,810,1,785,1,1,1
95,14101,14135,14179,170,220,390,800,1,800,1,755,1,1,1
96,14259,14293,14337,170,220,390,790,1,790,1,790,1,1,1
97,14419,14453,14520,170,335,505,800,1,800,1,915,0,1,0
98,14578,14612,14664,170,260,430,795,1,795,1,720,1,1,1
99,14737,14772,14822,175,250,425,795,1,800,1,790,1,1,1
100,14894,14930,14977,180,235,415,785,1,790,1,775,1,1,1
101,15050,15086,15136,180,250,430,780,1,780,1,795,1,1,1
102,15206,15240,15300,170,300,470,780,1,770,1,820,1,1,1
103,15363,15397,15444,170,235,405,785,1,785,1,720,1,1,1
104,15517,15552,15606,175,270,445,770,1,775,1,810,1,1,1
105,15672,15707,15753,175,230,405,775,1,775,1,735,1,1,1
106,15824,15858,15907,170,245,415,760,1,755,1,770,1,1,1
107,15979,16014,16064,175,250,425,775,1,780,1,785,1,1,1
108,16134,16168,16211,170,215,385,775,1,770,1,735,1,1,1
109,16290,16324,16370,170,230,400,780,1,780,1,795,1,1,1
110,16449,16485,16530,180,225,405,795,1,805,1,800,1,1,1
113,16769,16805,16854,180,245,425,1600,0,1600,0,1620,0,1,1
114,16924,16959,17002,175,215,390,775,1,770,1,740,1,1,1
115,17078,17113,17161,175,240,415,770,1,770,1,795,1,1,1
116,17233,17267,17318,170,255,425,775,1,770,1,785,1,1,1
117,17387,17423,17470,180,235,415,770,1,780,1,760,1,1,1
118,17540,17574,17618,170,220,390,765,1,755,1,740,1,1,1
119,17690,17724,17773,170,245,415,750,1,750,1,775,1,1,1
120,17843,17877,17925,170,240,410,765,1,765,1,760,1,1,1
121,17996,18030,18077,170,235,405,765,1,765,1,760,1,1,1
122,18149,18183,18225,170,210,380,765,1,765,1,740,1,1,1
123,18301,18335,18382,170,235,405,760,1,760,1,785,1,1,1
124,18455,18488,18545,165,285,450,770,1,765,1,815,1,1,1
125,18609,18643,18688,170,225,395,770,1,775,1,715,1,1,1
126,18764,18797,18844,165,235,400,775,1,770,1,780,1,1,1
127,18918,18950,18995,160,225,385,770,1,765,1,755,1,0,1
128,19070,19105,19167,175,310,485,760,1,775,1,860,1,1,1
129,19221,19252,19301,155,245,400,755,1,735,0,670,0,0,1
130,19369,19402,19454,165,260,425,740,1,750,1,765,1,1,1
131,19519,19552,19601,165,245,410,750,1,750,1,735,1,1,1
132,19671,19704,19751,165,235,400,760,1,760,1,750,1,1,1
133,19824,19857,19902,165,225,390,765,1,765,1,755,1,1,1
134,19978,20013,20057,175,220,395,770,1,780,1,775,1,1,1
135,20131,20164,20211,165,235,400,765,1,755,1,770,1,1,1
136,20287,20320,20367,165,235,400,780,1,780,1,780,1,1,1
137,20446,20479,20524,165,225,390,795,1,795,1,785,1,1,1
138,20605,20638,20679,165,205,370,795,1,795,1,775,1,1,1
139,20761,20795,20838,170,215,385,780,1,785,1,795,1,1,1
140,20917,20951,20998,170,235,405,780,1,780,1,800,1,1,1
141,21074,21107,21154,165,235,400,785,1,780,1,780,1,1,1
142,21231,21265,21309,170,220,390,785,1,790,1,775,1,1,1
143,21385,21419,21461,170,210,380,770,1,770,1,760,1,1,1
144,21539,21572,21614,165,210,375,770,1,765,1,765,1,1,1
145,21692,21725,21770,165,225,390,765,1,765,1,780,1,1,1
146,21845,21879,21919,170,200,370,765,1,770,1,745,1,1,1
147,21998,22032,22075,170,215,385,765,1,765,1,780,1,1,1
148,22148,22181,22223,165,210,375,750,1,745,1,740,1,1,1
149,22299,22331,22378,160,235,395,755,1,750,1,775,1,0,1
150,22449,22485,22531,180,230,410,750,1,770,1,765,1,1,1
151,22600,22634,22679,170,225,395,755,1,745,1,740,1,1,1
152,22749,22784,22838,175,270,445,745,1,750,1,795,1,1,1
153,22900,22936,22984,180,240,420,755,1,760,1,730,1,1,1
154,23052,23088,23131,180,215,395,760,1,760,1,735,1,1,1
155,23187,23238,23286,255,240,495,675,0,750,1,775,1,0,1
157,23393,23397,23436,20,195,215,1030,0,795,1,750,1,0,1
158,23516,23551,23604,175,265,440,615,0,770,1,840,1,1,1
159,23670,23704,23747,170,215,385,770,1,765,1,715,1,1,1
160,23826,23863,23906,185,215,400,780,1,795,1,795,1,0,1
