"INDEX","ECG_R","PPG_F","PPG_S","PAT1","PAT2","PAT3","ECG_R_INT","ECG_R_FLAG","PPG_F_INT","PPG_F_FLAG","PPG_S_INT","PPG_S_FLAG","PAT1_FLAG","PAT2_FLAG"
1,3,17,62,70,225,295,NA,1,NA,1,NA,1,1,1
2,115,141,181,130,200,330,560,1,620,1,595,1,1,1
3,212,264,309,260,225,485,485,0,615,1,640,1,0,1
6,592,619,664,135,225,360,1900,0,1775,0,1775,0,1,1
7,714,742,789,140,235,375,610,1,615,1,625,1,1,1
8,836,865,914,145,245,390,610,1,615,1,625,1,1,1
9,961,988,1031,135,215,350,625,1,615,1,585,1,1,1
10,1082,1110,1154,140,220,360,605,1,610,1,615,1,1,1
11,1202,1230,1270,140,200,340,600,1,600,1,580,1,1,1
12,1320,1349,1392,145,215,360,590,1,595,1,610,1,1,1
13,1442,1471,1519,145,240,385,610,1,610,1,635,1,1,1
14,1564,1592,1650,140,290,430,610,1,605,1,655,1,1,0
15,1680,1706,1745,130,195,325,580,1,570,1,475,0,1,1
16,1793,1821,1873,140,260,400,565,1,575,1,640,1,1,1
17,1910,1940,1983,150,215,365,585,1,595,1,550,1,0,1
18,2029,2057,2100,140,215,355,595,1,585,1,585,1,1,1
19,2151,2178,2223,135,225,360,610,1,605,1,615,1,1,1
20,2272,2299,2344,135,225,360,605,1,605,1,605,1,1,1
21,2390,2420,2462,150,210,360,590,1,605,1,590,1,0,1
22,2507,2533,2577,130,220,350,585,1,565,1,575,1,1,1
26,2898,2906,2950,40,220,260,1955,0,1865,0,1865,0,0,1
27,3000,3030,3071,150,205,355,510,0,620,1,605,1,0,1
28,3124,3152,3194,140,210,350,620,1,610,1,615,1,1,1
29,3248,3277,3325,145,240,385,620,1,625,1,655,1,1,1
30,3375,3402,3447,135,225,360,635,1,625,1,610,1,1,1
31,3499,3527,3567,140,200,340,620,1,625,1,600,1,1,1
32,3617,3644,3684,135,200,335,590,1,585,1,585,1,1,1
33,3737,3764,3817,135,265,400,600,1,600,1,665,1,1,1
34,3860,3888,3931,140,215,355,615,1,620,1,570,1,1,1
35,3982,4009,4051,135,210,345,610,1,605,1,600,1,1,1
36,4102,4130,4169,140,195,335,600,1,605,1,590,1,1,1
37,4219,4246,4290,135,220,355,585,1,580,1,605,1,1,1
38,4340,4369,4416,145,235,380,605,1,615,1,630,1,1,1
39,4460,4489,4541,145,260,405,600,1,600,1,625,1,1,1
40,4582,4609,4656,135,235,370,610,1,600,1,575,1,1,1
41,4703,4732,4776,145,220,365,605,1,615,1,600,1,1,1
42,4824,4852,4897,140,225,365,605,1,600,1,605,1,1,1
43,4952,4980,5026,140,230,370,640,1,640,1,645,1,1,1
44,5082,5110,5157,140,235,375,650,1,650,1,655,1,1,1
45,5212,5241,5286,145,225,370,650,1,655,1,645,1,1,1
46,5336,5367,5411,155,220,375,620,1,630,1,625,1,0,1
47,5456,5484,5535,140,255,395,600,1,585,1,620,1,1,1
48,5577,5605,5655,140,250,390,605,1,605,1,600,1,1,1
49,5698,5725,5773,135,240,375,605,1,600,1,590,1,1,1
50,5821,5849,5891,140,210,350,615,1,620,1,590,1,1,1
51,5939,5966,6020,135,270,405,590,1,585,1,645,1,1,1
52,6059,6088,6130,145,210,355,600,1,610,1,550,1,1,1
53,6182,6208,6250,130,210,340,615,1,600,1,600,1,1,1
54,6313,6337,6385,120,240,360,655,1,645,1,675,1,0,1
55,6443,6471,6512,140,205,345,650,1,670,1,635,1,1,1
56,6576,6601,6662,125,305,430,665,0,650,1,750,0,0,0
57,6704,6733,6786,145,265,410,640,1,660,1,620,1,1,1
58,6834,6862,6907,140,225,365,650,1,645,1,605,1,1,1
59,6963,6991,7035,140,220,360,645,1,645,1,640,1,1,1
60,7090,7119,7168,145,245,390,635,1,640,1,665,1,1,1
61,7213,7243,7285,150,210,360,615,1,620,1,585,1,0,1
62,7333,7360,7408,135,240,375,600,1,585,1,615,1,1,1
63,7455,7485,7527,150,210,360,610,1,625,1,595,1,0,1
64,7580,7606,7653,130,235,365,625,1,605,1,630,1,1,1
65,7708,7737,7788,145,255,400,640,1,655,1,675,1,1,1
66,7837,7864,7906,135,210,345,645,1,635,1,590,1,1,1
67,7960,7987,8029,135,210,345,615,1,615,1,615,1,1,1
68,8083,8112,8156,145,220,365,615,1,625,1,635,1,1,1
69,8204,8232,8280,140,240,380,605,1,600,1,620,1,1,1
70,8326,8353,8394,135,205,340,610,1,605,1,570,1,1,1
71,8447,8474,8521,135,235,370,605,1,605,1,635,1,1,1
72,8567,8594,8642,135,240,375,600,1,600,1,605,1,1,1
73,8692,8719,8771,135,260,395,625,1,625,1,645,1,1,1
74,8822,8851,8899,145,240,385,650,1,660,1,640,1,1,1
75,8953,8981,9026,140,225,365,655,1,650,1,635,1,1,1
76,9080,9108,9158,140,250,390,635,1,635,1,660,1,1,1
77,9205,9233,9280,140,235,375,625,1,625,1,610,1,1,1
78,9329,9355,9399,130,220,350,620,1,610,1,595,1,1,1
79,9455,9483,9543,140,300,440,630,1,640,1,720,0,1,0
80,9581,9607,9655,130,240,370,630,1,620,1,560,1,1,1
81,9707,9735,9777,140,210,350,630,1,640,1,610,1,1,1
82,9826,9855,9898,145,215,360,595,1,600,1,605,1,1,1
83,9946,9974,10018,140,220,360,600,1,595,1,600,1,1,1
84,10069,10096,10141,135,225,360,615,1,610,1,615,1,1,1
85,10190,10216,10258,130,210,340,605,1,600,1,585,1,1,1
86,10308,10336,10376,140,200,340,590,1,600,1,590,1,1,1
87,10427,10452,10498,125,230,355,595,1,580,1,610,1,0,1
88,10548,10576,10622,140,230,370,605,1,620,1,620,1,1,1
89,10674,10701,10745,135,220,355,630,1,625,1,615,1,1,1
90,10801,10829,10871,140,210,350,635,1,640,1,630,1,1,1
91,10922,10951,10996,145,225,370,605,1,610,1,625,1,1,1
92,11041,11069,11113,140,220,360,595,1,590,1,585,1,1,1
93,11161,11189,11234,140,225,365,600,1,600,1,605,1,1,1
94,11282,11309,11347,135,190,325,605,1,600,1,565,1,1,1
95,11403,11431,11470,140,195,335,605,1,610,1,615,1,1,1
96,11519,11547,11588,140,205,345,580,1,580,1,590,1,1,1
97,11633,11660,11706,135,230,365,570,1,565,1,590,1,1,1
98,11749,11775,11825,130,250,380,580,1,575,1,595,1,1,1
99,11866,11893,11931,135,190,325,585,1,590,1,530,1,1,1
100,11985,12011,12053,130,210,340,595,1,590,1,610,1,1,1
101,12103,12130,12174,135,220,355,590,1,595,1,605,1,1,1
102,12219,12247,12298,140,255,395,580,1,585,1,620,1,1,1
103,12341,12368,12414,135,230,365,610,1,605,1,580,1,1,1
104,12465,12492,12537,135,225,360,620,1,620,1,615,1,1,1
105,12593,12621,12666,140,225,365,640,1,645,1,645,1,1,1
106,12717,12747,12790,150,215,365,620,1,630,1,620,1,0,1
107,12840,12868,12912,140,220,360,615,1,605,1,610,1,1,1
108,12963,12991,13052,140,305,445,615,1,615,1,700,0,1,0
109,13088,13117,13159,145,210,355,625,1,630,1,535,1,1,1
110,13207,13234,13277,135,215,350,595,1,585,1,590,1,1,1
111,13325,13352,13398,135,230,365,590,1,590,1,605,1,1,1
112,13443,13471,13515,140,220,360,590,1,595,1,585,1,1,1
113,13568,13596,13641,140,225,365,625,1,625,1,630,1,1,1
114,13694,13721,13781,135,300,435,630,1,625,1,700,0,1,0
115,13816,13844,13888,140,220,360,610,1,615,1,535,1,1,1
116,13937,13964,14013,135,245,380,605,1,600,1,625,1,1,1
117,14060,14088,14137,140,245,385,615,1,620,1,620,1,1,1
118,14183,14212,14258,145,230,375,615,1,620,1,605,1,1,1
119,14309,14336,14386,135,250,385,630,1,620,1,640,1,1,1
120,14429,14456,14497,135,205,340,600,1,600,1,555,1,1,1
121,14550,14577,14634,135,285,420,605,1,605,1,685,1,1,0
122,14675,14701,14749,130,240,370,625,1,620,1,575,1,1,1
123,14801,14828,14879,135,255,390,630,1,635,1,650,1,1,1
124,14923,14952,14995,145,215,360,610,1,620,1,580,1,1,1
125,15042,15070,15110,140,200,340,595,1,590,1,575,1,1,1
126,15163,15191,15228,140,185,325,605,1,605,1,590,1,1,1
127,15287,15315,15358,140,215,355,620,1,620,1,650,1,1,1
128,15411,15439,15486,140,235,375,620,1,620,1,640,1,1,1
129,15534,15563,15609,145,230,375,615,1,620,1,615,1,1,1
130,15652,15679,15723,135,220,355,590,1,580,1,570,1,1,1
131,15772,15799,15845,135,230,365,600,1,600,1,610,1,1,1
132,15893,15921,15962,140,205,345,605,1,610,1,585,1,1,1
133,16015,16044,16085,145,205,350,610,1,615,1,615,1,1,1
134,16131,16160,16207,145,235,380,580,1,580,1,610,1,1,1
135,16247,16275,16320,140,225,365,580,1,575,1,565,1,1,1
136,16363,16391,16434,140,215,355,580,1,580,1,570,1,1,1
137,16483,16509,16553,130,220,350,600,1,590,1,595,1,1,1
138,16607,16636,16675,145,195,340,620,1,635,1,610,1,1,1
139,16730,16758,16805,140,235,375,615,1,610,1,650,1,1,1
140,16850,16877,16922,135,225,360,600,1,595,1,585,1,1,1
141,16971,16998,17043,135,225,360,605,1,605,1,605,1,1,1
142,17093,17120,17161,135,205,340,610,1,610,1,590,1,1,1
143,17213,17241,17286,140,225,365,600,1,605,1,625,1,1,1
144,17333,17361,17404,140,215,355,600,1,600,1,590,1,1,1
145,17452,17481,17525,145,220,365,595,1,600,1,605,1,1,1
146,17569,17597,17640,140,215,355,585,1,580,1,575,1,1,1
147,17680,17706,17747,130,205,335,555,1,545,1,535,1,1,1
148,17795,17822,17874,135,260,395,575,1,580,1,635,1,1,1
149,17914,17940,17986,130,230,360,595,1,590,1,560,1,1,1
150,18034,18062,18103,140,205,345,600,1,610,1,585,1,1,1
151,18152,18180,18216,140,180,320,590,1,590,1,565,1,1,1
152,18268,18296,18342,140,230,370,580,1,580,1,630,1,1,1
153,18386,18414,18455,140,205,345,590,1,590,1,565,1,1,1
154,18504,18532,18575,140,215,355,590,1,590,1,600,1,1,1
155,18621,18648,18693,135,225,360,585,1,580,1,590,1,1,1
156,18736,18764,18804,140,200,340,575,1,580,1,555,1,1,1
157,18852,18878,18920,130,210,340,580,1,570,1,580,1,1,1
158,18969,18997,19046,140,245,385,585,1,595,1,630,1,1,1
159,19087,19114,19155,135,205,340,590,1,585,1,545,1,1,1
160,19202,19230,19272,140,210,350,575,1,580,1,585,1,1,1
161,19317,19344,19384,135,200,335,575,1,570,1,560,1,1,1
162,19436,19463,19507,135,220,355,595,1,595,1,615,1,1,1
163,19559,19585,19632,130,235,365,615,1,610,1,625,1,1,1
164,19680,19708,19747,140,195,335,605,1,615,1,575,1,1,1
165,19798,19824,19875,130,255,385,590,1,580,1,640,1,1,1
166,19914,19940,19981,130,205,335,580,1,580,1,530,1,1,1
167,20031,20060,20106,145,230,375,585,1,600,1,625,1,1,1
168,20155,20180,20234,125,270,395,620,1,600,1,640,1,0,1
169,20279,20305,20359,130,270,400,620,1,625,1,625,1,1,1
170,20397,20427,20468,150,205,355,590,1,610,1,545,1,0,1
171,20513,20541,20582,140,205,345,580,1,570,1,570,1,1,1
172,20629,20655,20699,130,220,350,580,1,570,1,585,1,1,1
173,20744,20770,20814,130,220,350,575,1,575,1,575,1,1,1
174,20860,20886,20932,130,230,360,580,1,580,1,590,1,1,1
175,20974,21003,21045,145,210,355,570,1,585,1,565,1,1,1
176,21089,21115,21164,130,245,375,575,1,560,1,595,1,1,1
177,21203,21231,21276,140,225,365,570,1,580,1,560,1,1,1
178,21321,21347,21393,130,230,360,590,1,580,1,585,1,1,1
179,21442,21466,21509,120,215,335,605,1,595,1,580,1,0,1
180,21561,21590,21629,145,195,340,595,1,620,1,600,1,1,1
181,21679,21704,21751,125,235,360,590,1,570,1,610,1,0,1
182,21800,21826,21868,130,210,340,605,1,610,1,585,1,1,1
183,21923,21950,21994,135,220,355,615,1,620,1,630,1,1,1
184,22044,22072,22117,140,225,365,605,1,610,1,615,1,1,1
185,22163,22192,22231,145,195,340,595,1,600,1,570,1,1,1
186,22280,22308,22369,140,305,445,585,1,580,1,690,1,1,0
187,22397,22425,22467,140,210,350,585,1,585,1,490,0,1,1
188,22514,22542,22583,140,205,345,585,1,585,1,580,1,1,1
189,22631,22658,22700,135,210,345,585,1,580,1,585,1,1,1
190,22744,22772,22814,140,210,350,565,1,570,1,570,1,1,1
191,22858,22885,22929,135,220,355,570,1,565,1,575,1,1,1
192,22972,22999,23043,135,220,355,570,1,570,1,570,1,1,1
193,23087,23116,23172,145,280,425,575,1,585,1,645,1,1,0
194,23202,23229,23268,135,195,330,575,1,565,1,480,0,1,1
195,23315,23344,23387,145,215,360,565,1,575,1,595,1,1,1
196,23427,23453,23494,130,205,335,560,1,545,1,535,1,1,1
197,23538,23565,23604,135,195,330,555,1,560,1,550,1,1,1
198,23652,23678,23721,130,215,345,570,1,565,1,585,1,1,1
199,23766,23793,23834,135,205,340,570,1,575,1,565,1,1,1
200,23881,23908,23949,135,205,340,575,1,575,1,575,1,1,1
