"INDEX","ECG_R","PPG_F","PPG_S","PAT1","PAT2","PAT3","ECG_R_INT","ECG_R_FLAG","PPG_F_INT","PPG_F_FLAG","PPG_S_INT","PPG_S_FLAG","PAT1_FLAG","PAT2_FLAG"
3,256,287,324,155,185,340,NA,1,NA,1,NA,1,1,1
4,380,411,452,155,205,360,620,1,620,1,640,1,1,1
5,504,534,586,150,260,410,620,1,615,1,670,1,1,1
6,631,662,704,155,210,365,635,1,640,1,590,1,1,1
7,757,788,826,155,190,345,630,1,630,1,610,1,1,1
8,885,918,956,165,190,355,640,1,650,1,650,1,1,1
9,1013,1041,1097,140,280,420,640,1,615,1,705,1,0,0
10,1143,1176,1221,165,225,390,650,1,675,1,620,1,1,1
11,1276,1307,1369,155,310,465,665,1,655,1,740,0,1,0
12,1406,1436,1483,150,235,385,650,1,645,1,570,1,1,1
13,1534,1566,1610,160,220,380,640,1,650,1,635,1,1,1
14,1665,1696,1752,155,280,435,655,1,650,1,710,1,1,0
15,1795,1827,1873,160,230,390,650,1,655,1,605,1,1,1
16,1928,1960,2000,160,200,360,665,1,665,1,635,1,1,1
17,2059,2091,2131,160,200,360,655,1,655,1,655,1,1,1
18,2189,2221,2262,160,205,365,650,1,650,1,655,1,1,1
19,2322,2353,2397,155,220,375,665,1,660,1,675,1,1,1
20,2451,2483,2529,160,230,390,645,1,650,1,660,1,1,1
21,2578,2610,2655,160,225,385,635,1,635,1,630,1,1,1
22,2708,2740,2808,160,340,500,650,1,650,1,765,0,1,0
23,2839,2871,2922,160,255,415,655,1,655,1,570,1,1,1
24,2979,3011,3082,160,355,515,700,1,700,1,800,0,1,0
25,3113,3144,3195,155,255,410,670,1,665,1,565,1,1,1
26,3245,3277,3324,160,235,395,660,1,665,1,645,1,1,1
27,3384,3415,3461,155,230,385,695,1,690,1,685,1,1,1
28,3517,3547,3588,150,205,355,665,1,660,1,635,1,1,1
31,3909,3942,3984,165,210,375,1960,0,1975,0,1980,0,1,1
32,4039,4069,4108,150,195,345,650,1,635,1,620,1,1,1
33,4166,4198,4238,160,200,360,635,1,645,1,650,1,1,1
34,4295,4325,4367,150,210,360,645,1,635,1,645,1,1,1
35,4426,4458,4498,160,200,360,655,1,665,1,655,1,1,1
36,4559,4592,4634,165,210,375,665,1,670,1,680,1,1,1
37,4691,4721,4771,150,250,400,660,1,645,1,685,1,1,1
38,4823,4857,4897,170,200,370,660,1,680,1,630,1,0,1
39,4954,4986,5031,160,225,385,655,1,645,1,670,1,1,1
40,5081,5113,5156,160,215,375,635,1,635,1,625,1,1,1
41,5210,5242,5283,160,205,365,645,1,645,1,635,1,1,1
42,5343,5375,5416,160,205,365,665,1,665,1,665,1,1,1
43,5475,5506,5550,155,220,375,660,1,655,1,670,1,1,1
44,5608,5640,5693,160,265,425,665,1,670,1,715,1,1,0
45,5737,5769,5815,160,230,390,645,1,645,1,610,1,1,1
46,5868,5899,5941,155,210,365,655,1,650,1,630,1,1,1
47,6001,6031,6079,150,240,390,665,1,660,1,690,1,1,1
48,6139,6170,6227,155,285,440,690,1,695,1,740,0,1,0
49,6280,6312,6360,160,240,400,705,1,710,1,665,1,1,1
50,6418,6448,6495,150,235,385,690,1,680,1,675,1,1,1
51,6554,6586,6636,160,250,410,680,1,690,1,705,1,1,1
52,6688,6719,6759,155,200,355,670,1,665,1,615,1,1,1
53,6825,6857,6900,160,215,375,685,1,690,1,705,1,1,1
54,6959,6991,7041,160,250,410,670,1,670,1,705,1,1,1
55,7088,7120,7164,160,220,380,645,1,645,1,615,1,1,1
56,7215,7247,7293,160,230,390,635,1,635,1,645,1,1,1
57,7345,7376,7424,155,240,395,650,1,645,1,655,1,1,1
58,7474,7506,7551,160,225,385,645,1,650,1,635,1,1,1
59,7607,7640,7694,165,270,435,665,1,670,1,715,1,1,0
60,7737,7768,7815,155,235,390,650,1,640,1,605,1,1,1
61,7865,7896,7938,155,210,365,640,1,640,1,615,1,1,1
62,7992,8024,8066,160,210,370,635,1,640,1,640,1,1,1
63,8120,8151,8193,155,210,365,640,1,635,1,635,1,1,1
64,8247,8280,8318,165,190,355,635,1,645,1,625,1,1,1
65,8371,8402,8448,155,230,385,620,1,610,1,650,1,1,1
66,8496,8526,8566,150,200,350,625,1,620,1,590,1,1,1
67,8623,8654,8696,155,210,365,635,1,640,1,650,1,1,1
68,8751,8783,8829,160,230,390,640,1,645,1,665,1,1,1
69,8880,8912,8952,160,200,360,645,1,645,1,615,1,1,1
70,9013,9044,9089,155,225,380,665,1,660,1,685,1,1,1
71,9147,9179,9229,160,250,410,670,1,675,1,700,1,1,1
72,9285,9317,9370,160,265,425,690,1,690,1,705,1,1,0
73,9424,9455,9491,155,180,335,695,1,690,1,605,1,1,1
74,9554,9586,9634,160,240,400,650,1,655,1,715,1,1,1
75,9683,9716,9758,165,210,375,645,1,650,1,620,1,1,1
76,9811,9844,9891,165,235,400,640,1,640,1,665,1,1,1
77,9938,9970,10012,160,210,370,635,1,630,1,605,1,1,1
78,10061,10092,10138,155,230,385,615,1,610,1,630,1,1,1
79,10180,10211,10254,155,215,370,595,1,595,1,580,1,1,1
80,10301,10332,10392,155,300,455,605,1,605,1,690,1,1,0
81,10428,10459,10505,155,230,385,635,1,635,1,565,1,1,1
82,10561,10592,10633,155,205,360,665,1,665,1,640,1,1,1
83,10692,10723,10768,155,225,380,655,1,655,1,675,1,1,1
84,10815,10846,10890,155,220,375,615,1,615,1,610,1,1,1
85,10931,10963,11005,160,210,370,580,1,585,1,575,1,1,1
86,11046,11078,11119,160,205,365,575,1,575,1,570,1,1,1
87,11155,11187,11220,160,165,325,545,1,545,1,505,0,1,1
88,11261,11292,11330,155,190,345,530,0,525,0,550,1,1,1
89,11368,11400,11438,160,190,350,535,0,540,0,540,1,1,1
90,11477,11510,11545,165,175,340,545,1,550,1,535,1,1,1
91,11586,11617,11649,155,160,315,545,1,535,0,520,0,1,1
92,11694,11724,11761,150,185,335,540,0,535,0,560,1,1,1
93,11804,11836,11872,160,180,340,550,1,560,1,555,1,1,1
94,11918,11948,11981,150,165,315,570,1,560,1,545,1,1,1
95,12035,12065,12102,150,185,335,585,1,585,1,605,1,1,1
96,12151,12182,12220,155,190,345,580,1,585,1,590,1,1,1
97,12266,12298,12333,160,175,335,575,1,580,1,565,1,1,1
98,12380,12411,12448,155,185,340,570,1,565,1,575,1,1,1
99,12495,12527,12559,160,160,320,575,1,580,1,555,1,1,1
100,12613,12643,12687,150,220,370,590,1,580,1,640,1,1,1
101,12733,12763,12800,150,185,335,600,1,600,1,565,1,1,1
102,12853,12885,12916,160,155,315,600,1,610,1,580,1,1,1
103,12971,13003,13046,160,215,375,590,1,590,1,650,1,1,1
104,13090,13122,13161,160,195,355,595,1,595,1,575,1,1,1
105,13210,13240,13280,150,200,350,600,1,590,1,595,1,1,1
106,13331,13362,13402,155,200,355,605,1,610,1,610,1,1,1
107,13451,13483,13519,160,180,340,600,1,605,1,585,1,1,1
108,13569,13601,13640,160,195,355,590,1,590,1,605,1,1,1
109,13683,13714,13753,155,195,350,570,1,565,1,565,1,1,1
110,13797,13827,13862,150,175,325,570,1,565,1,545,1,1,1
111,13914,13944,13986,150,210,360,585,1,585,1,620,1,1,1
112,14036,14066,14107,150,205,355,610,1,610,1,605,1,1,1
113,14157,14187,14230,150,215,365,605,1,605,1,615,1,1,1
114,14276,14307,14342,155,175,330,595,1,600,1,560,1,1,1
115,14399,14429,14469,150,200,350,615,1,610,1,635,1,1,1
116,14524,14555,14594,155,195,350,625,1,630,1,625,1,1,1
117,14646,14676,14721,150,225,375,610,1,605,1,635,1,1,1
118,14767,14798,14839,155,205,360,605,1,610,1,590,1,1,1
119,14888,14919,14954,155,175,330,605,1,605,1,575,1,1,1
120,15008,15039,15082,155,215,370,600,1,600,1,640,1,1,1
121,15126,15156,15198,150,210,360,590,1,585,1,580,1,1,1
122,15244,15276,15312,160,180,340,590,1,600,1,570,1,1,1
123,15364,15394,15437,150,215,365,600,1,590,1,625,1,1,1
124,15481,15513,15549,160,180,340,585,1,595,1,560,1,1,1
125,15599,15630,15664,155,170,325,590,1,585,1,575,1,1,1
126,15717,15749,15784,160,175,335,590,1,595,1,600,1,1,1
127,15832,15864,15902,160,190,350,575,1,575,1,590,1,1,1
128,15920,15979,16016,295,185,480,440,0,575,1,570,1,0,1
131,16189,16220,16259,155,195,350,1345,0,1205,0,1215,0,1,1
132,16311,16342,16384,155,210,365,610,1,610,1,625,1,1,1
133,16434,16463,16503,145,200,345,615,1,605,1,595,1,0,1
134,16559,16591,16627,160,180,340,625,1,640,1,620,1,1,1
135,16682,16713,16751,155,190,345,615,1,610,1,620,1,1,1
136,16811,16841,16881,150,200,350,645,1,640,1,650,1,1,1
137,16940,16972,17008,160,180,340,645,1,655,1,635,1,1,1
138,17069,17101,17139,160,190,350,645,1,645,1,655,1,1,1
139,17196,17227,17265,155,190,345,635,1,630,1,630,1,1,1
140,17321,17352,17387,155,175,330,625,1,625,1,610,1,1,1
141,17447,17478,17515,155,185,340,630,1,630,1,640,1,1,1
142,17571,17604,17640,165,180,345,620,1,630,1,625,1,1,1
143,17694,17726,17768,160,210,370,615,1,610,1,640,1,1,1
144,17815,17846,17888,155,210,365,605,1,600,1,600,1,1,1
145,17936,17967,18010,155,215,370,605,1,605,1,610,1,1,1
146,18060,18091,18131,155,200,355,620,1,620,1,605,1,1,1
147,18187,18217,18257,150,200,350,635,1,630,1,630,1,1,1
148,18319,18349,18385,150,180,330,660,1,660,1,640,1,1,1
149,18451,18481,18531,150,250,400,660,1,660,1,730,0,1,1
150,18582,18613,18651,155,190,345,655,1,660,1,600,1,1,1
151,18707,18738,18780,155,210,365,625,1,625,1,645,1,1,1
152,18834,18866,18904,160,190,350,635,1,640,1,620,1,1,1
153,18961,18992,19030,155,190,345,635,1,630,1,630,1,1,1
154,19090,19120,19164,150,220,370,645,1,640,1,670,1,1,1
155,19218,19249,19291,155,210,365,640,1,645,1,635,1,1,1
156,19348,19378,19417,150,195,345,650,1,645,1,630,1,1,1
157,19474,19505,19546,155,205,360,630,1,635,1,645,1,1,1
158,19598,19630,19669,160,195,355,620,1,625,1,615,1,1,1
159,19724,19755,19794,155,195,350,630,1,625,1,625,1,1,1
160,19851,19882,19924,155,210,365,635,1,635,1,650,1,1,1
161,19981,20013,20057,160,220,380,650,1,655,1,665,1,1,1
162,20113,20144,20185,155,205,360,660,1,655,1,640,1,1,1
163,20244,20274,20313,150,195,345,655,1,650,1,640,1,1,1
164,20373,20404,20444,155,200,355,645,1,650,1,655,1,1,1
165,20505,20535,20581,150,230,380,660,1,655,1,685,1,1,1
166,20640,20670,20709,150,195,345,675,1,675,1,640,1,1,1
167,20775,20805,20849,150,220,370,675,1,675,1,700,1,1,1
168,20909,20940,20979,155,195,350,670,1,675,1,650,1,1,1
169,21038,21070,21106,160,180,340,645,1,650,1,635,1,1,1
170,21162,21194,21232,160,190,350,620,1,620,1,630,1,1,1
171,21285,21317,21355,160,190,350,615,1,615,1,615,1,1,1
172,21411,21442,21482,155,200,355,630,1,625,1,635,1,1,1
173,21538,21569,21611,155,210,365,635,1,635,1,645,1,1,1
174,21666,21696,21736,150,200,350,640,1,635,1,625,1,1,1
175,21794,21824,21863,150,195,345,640,1,640,1,635,1,1,1
176,21918,21950,21984,160,170,330,620,1,630,1,605,1,1,1
177,22042,22073,22116,155,215,370,620,1,615,1,660,1,1,1
178,22169,22200,22237,155,185,340,635,1,635,1,605,1,1,1
179,22296,22325,22363,145,190,335,635,1,625,1,630,1,0,1
180,22424,22455,22496,155,205,360,640,1,650,1,665,1,1,1
181,22553,22585,22622,160,185,345,645,1,650,1,630,1,1,1
182,22680,22711,22751,155,200,355,635,1,630,1,645,1,1,1
183,22808,22838,22886,150,240,390,640,1,635,1,675,1,1,1
184,22937,22968,23008,155,200,355,645,1,650,1,610,1,1,1
185,23068,23099,23149,155,250,405,655,1,655,1,705,1,1,1
186,23195,23226,23262,155,180,335,635,1,635,1,565,1,1,1
187,23318,23348,23391,150,215,365,615,1,610,1,645,1,1,1
188,23441,23472,23513,155,205,360,615,1,620,1,610,1,1,1
189,23565,23596,23635,155,195,350,620,1,620,1,610,1,1,1
190,23690,23722,23758,160,180,340,625,1,630,1,615,1,1,1
191,23813,23845,23888,160,215,375,615,1,615,1,650,1,1,1
192,23934,23965,23997,155,160,315,605,1,600,1,545,1,1,1
