"INDEX","ECG_R","PPG_F","PPG_S","PAT1","PAT2","PAT3","ECG_R_INT","ECG_R_FLAG","PPG_F_INT","PPG_F_FLAG","PPG_S_INT","PPG_S_FLAG","PAT1_FLAG","PAT2_FLAG"
2,136,190,247,270,285,555,NA,1,NA,1,NA,1,1,1
3,270,326,397,280,355,635,670,1,680,1,750,1,0,1
5,537,587,654,250,335,585,1335,0,1305,0,1285,0,0,1
7,800,850,921,250,355,605,1315,0,1315,0,1335,0,0,1
8,930,980,1041,250,305,555,650,1,650,1,600,1,0,1
9,1063,1115,1168,260,265,525,665,1,675,1,635,1,0,1
10,1190,1244,1307,270,315,585,635,1,645,1,695,1,0,1
11,1313,1365,1422,260,285,545,615,1,605,1,575,1,0,1
12,1437,1486,1536,245,250,495,620,1,605,1,570,1,0,1
13,1563,1616,1671,265,275,540,630,1,650,1,675,1,0,1
14,1690,1741,1791,255,250,505,635,1,625,1,600,1,0,1
15,1820,1872,1933,260,305,565,650,1,655,1,710,1,0,1
16,1952,2001,2049,245,240,485,660,1,645,1,580,1,0,1
17,2090,2144,2184,270,200,470,690,1,715,1,675,1,0,1
18,2224,2274,2344,250,350,600,670,1,650,1,800,1,0,1
20,2488,2541,2605,265,320,585,1320,0,1335,0,1305,0,0,1
21,2618,2677,2722,295,225,520,650,1,680,1,585,1,0,1
22,2755,2811,2890,280,395,675,685,1,670,1,840,1,0,1
23,2893,2941,3027,240,430,670,690,1,650,1,685,1,0,1
30,3540,3580,3627,200,235,435,3235,0,3195,0,3000,0,1,1
32,3782,3820,3870,190,250,440,1210,0,1200,0,1215,0,1,1
33,3906,3945,3991,195,230,425,620,1,625,1,605,1,1,1
34,4039,4079,4119,200,200,400,665,1,670,1,640,1,1,1
35,4173,4213,4255,200,210,410,670,1,670,1,680,1,1,1
36,4308,4349,4412,205,315,520,675,1,680,1,785,1,1,1
37,4446,4487,4538,205,255,460,690,1,690,1,630,1,1,1
40,4741,4764,4829,115,325,440,1475,0,1385,0,1455,0,0,1
41,4851,4892,4932,205,200,405,550,1,640,1,515,1,1,1
42,4973,5013,5053,200,200,400,610,1,605,1,605,1,1,1
43,5096,5136,5184,200,240,440,615,1,615,1,655,1,1,1
44,5222,5261,5308,195,235,430,630,1,625,1,620,1,1,1
45,5355,5393,5463,190,350,540,665,1,660,1,775,1,1,1
46,5496,5537,5582,205,225,430,705,1,720,1,595,1,1,1
47,5643,5683,5734,200,255,455,735,1,730,1,760,1,1,1
48,5793,5834,5885,205,255,460,750,1,755,1,755,1,1,1
49,5935,5979,6018,220,195,415,710,1,725,1,665,1,0,1
50,6068,6112,6154,220,210,430,665,1,665,1,680,1,0,1
53,6464,6490,6532,130,210,340,1980,0,1890,0,1890,0,0,1
54,6581,6621,6669,200,240,440,585,1,655,1,685,1,1,1
55,6722,6762,6812,200,250,450,705,1,705,1,715,1,1,1
56,6863,6901,6973,190,360,550,705,1,695,1,805,1,1,1
57,7006,7045,7103,195,290,485,715,1,720,1,650,1,1,1
58,7156,7196,7266,200,350,550,750,1,755,1,815,1,1,1
59,7305,7345,7422,200,385,585,745,1,745,1,780,1,1,1
60,7457,7498,7571,205,365,570,760,1,765,1,745,1,1,1
61,7609,7651,7718,210,335,545,760,1,765,1,735,1,1,1
62,7752,7792,7859,200,335,535,715,1,705,1,705,1,1,1
63,7894,7935,7999,205,320,525,710,1,715,1,700,1,1,1
64,8032,8072,8134,200,310,510,690,1,685,1,675,1,1,1
65,8173,8213,8283,200,350,550,705,1,705,1,745,1,1,1
66,8319,8359,8430,200,355,555,730,1,730,1,735,1,1,1
67,8460,8499,8570,195,355,550,705,1,700,1,700,1,1,1
68,8604,8643,8713,195,350,545,720,1,720,1,715,1,1,1
69,8750,8790,8852,200,310,510,730,1,735,1,695,1,1,1
70,8895,8934,9006,195,360,555,725,1,720,1,770,1,1,1
73,9179,9222,9288,215,330,545,1420,0,1440,0,1410,0,1,1
74,9314,9357,9400,215,215,430,675,1,675,1,560,1,1,1
75,9448,9489,9529,205,200,405,670,1,660,1,645,1,1,1
76,9580,9622,9688,210,330,540,660,1,665,1,795,1,1,1
77,9713,9755,9820,210,325,535,665,1,665,1,660,1,1,1
78,9850,9891,9938,205,235,440,685,1,680,1,590,1,1,1
79,9987,10028,10071,205,215,420,685,1,685,1,665,1,1,1
80,10122,10163,10208,205,225,430,675,1,675,1,685,1,1,1
81,10258,10298,10357,200,295,495,680,1,675,1,745,1,1,1
82,10392,10434,10500,210,330,540,670,1,680,1,715,1,1,1
83,10525,10565,10627,200,310,510,665,1,655,1,635,1,1,1
84,10658,10697,10762,195,325,520,665,1,660,1,675,1,1,1
85,10790,10831,10871,205,200,405,660,1,670,1,545,1,1,1
86,10919,10960,11008,205,240,445,645,1,645,1,685,1,1,1
87,11048,11089,11132,205,215,420,645,1,645,1,620,1,1,1
88,11175,11214,11268,195,270,465,635,1,625,1,680,1,1,1
89,11301,11343,11382,210,195,405,630,1,645,1,570,1,1,1
90,11427,11466,11509,195,215,410,630,1,615,1,635,1,1,1
91,11553,11592,11648,195,280,475,630,1,630,1,695,1,1,1
92,11679,11719,11772,200,265,465,630,1,635,1,620,1,1,1
93,11805,11844,11890,195,230,425,630,1,625,1,590,1,1,1
94,11931,11971,12016,200,225,425,630,1,635,1,630,1,1,1
95,12056,12096,12139,200,215,415,625,1,625,1,615,1,1,1
96,12176,12216,12254,200,190,390,600,1,600,1,575,1,1,1
97,12294,12334,12373,200,195,395,590,1,590,1,595,1,1,1
98,12409,12449,12488,200,195,395,575,1,575,1,575,1,1,1
99,12526,12566,12602,200,180,380,585,1,585,1,570,1,1,1
100,12646,12684,12727,190,215,405,600,1,590,1,625,1,1,1
101,12768,12808,12850,200,210,410,610,1,620,1,615,1,1,1
102,12893,12932,12975,195,215,410,625,1,620,1,625,1,1,1
103,13018,13056,13122,190,330,520,625,1,620,1,735,1,1,1
104,13146,13186,13222,200,180,380,640,1,650,1,500,1,1,1
105,13271,13311,13351,200,200,400,625,1,625,1,645,1,1,1
106,13396,13436,13482,200,230,430,625,1,625,1,655,1,1,1
107,13520,13559,13613,195,270,465,620,1,615,1,655,1,1,1
108,13641,13682,13724,205,210,415,605,1,615,1,555,1,1,1
109,13770,13805,13845,175,200,375,645,1,615,1,605,1,0,1
110,13909,13922,13976,65,270,335,695,1,585,1,655,1,0,1
111,14003,14042,14086,195,220,415,470,0,600,1,550,1,1,1
112,14131,14169,14225,190,280,470,640,1,635,1,695,1,1,1
113,14269,14308,14376,195,340,535,690,1,695,1,755,1,1,1
114,14416,14453,14522,185,345,530,735,1,725,1,730,1,1,1
116,14591,14630,14711,195,405,600,875,0,885,0,945,0,1,1
117,14744,14785,14847,205,310,515,765,1,775,1,680,1,1,1
118,14894,14933,14997,195,320,515,750,1,740,1,750,1,1,1
119,15042,15082,15128,200,230,430,740,1,745,1,655,1,1,1
120,15181,15220,15288,195,340,535,695,1,690,1,800,1,1,1
121,15323,15361,15431,190,350,540,710,1,705,1,715,1,1,1
122,15464,15502,15549,190,235,425,705,1,705,1,590,1,1,1
123,15601,15642,15716,205,370,575,685,1,700,1,835,1,1,1
124,15735,15775,15827,200,260,460,670,1,665,1,555,1,1,1
125,15868,15906,15956,190,250,440,665,1,655,1,645,1,1,1
126,15998,16037,16095,195,290,485,650,1,655,1,695,1,1,1
127,16129,16169,16216,200,235,435,655,1,660,1,605,1,1,1
128,16260,16299,16352,195,265,460,655,1,650,1,680,1,1,1
129,16390,16429,16477,195,240,435,650,1,650,1,625,1,1,1
130,16519,16559,16608,200,245,445,645,1,650,1,655,1,1,1
131,16645,16683,16731,190,240,430,630,1,620,1,615,1,1,1
132,16765,16805,16854,200,245,445,600,1,610,1,615,1,1,1
133,16884,16924,16962,200,190,390,595,1,595,1,540,1,1,1
134,17004,17043,17090,195,235,430,600,1,595,1,640,1,1,1
135,17124,17164,17205,200,205,405,600,1,605,1,575,1,1,1
136,17245,17285,17330,200,225,425,605,1,605,1,625,1,1,1
137,17368,17408,17466,200,290,490,615,1,615,1,680,1,1,1
138,17491,17529,17569,190,200,390,615,1,605,1,515,1,1,1
139,17613,17654,17694,205,200,405,610,1,625,1,625,1,1,1
140,17736,17777,17833,205,280,485,615,1,615,1,695,1,1,1
141,17860,17902,17944,210,210,420,620,1,625,1,555,1,1,1
142,17984,18026,18074,210,240,450,620,1,620,1,650,1,1,1
143,18107,18147,18199,200,260,460,615,1,605,1,625,1,1,1
144,18230,18270,18313,200,215,415,615,1,615,1,570,1,1,1
145,18354,18395,18438,205,215,420,620,1,625,1,625,1,1,1
146,18476,18517,18559,205,210,415,610,1,610,1,605,1,1,1
147,18599,18638,18689,195,255,450,615,1,605,1,650,1,1,1
148,18722,18762,18804,200,210,410,615,1,620,1,575,1,1,1
149,18845,18886,18925,205,195,400,615,1,620,1,605,1,1,1
150,18969,19009,19053,200,220,420,620,1,615,1,640,1,1,1
151,19097,19137,19179,200,210,410,640,1,640,1,630,1,1,1
152,19224,19264,19305,200,205,405,635,1,635,1,630,1,1,1
153,19350,19389,19432,195,215,410,630,1,625,1,635,1,1,1
154,19475,19515,19558,200,215,415,625,1,630,1,630,1,1,1
155,19600,19641,19678,205,185,390,625,1,630,1,600,1,1,1
156,19726,19765,19810,195,225,420,630,1,620,1,660,1,1,1
157,19851,19892,19932,205,200,405,625,1,635,1,610,1,1,1
158,19977,20016,20057,195,205,400,630,1,620,1,625,1,1,1
159,20102,20142,20185,200,215,415,625,1,630,1,640,1,1,1
160,20225,20265,20305,200,200,400,615,1,615,1,600,1,1,1
161,20350,20390,20447,200,285,485,625,1,625,1,710,1,1,1
162,20473,20514,20560,205,230,435,615,1,620,1,565,1,1,1
163,20595,20636,20696,205,300,505,610,1,610,1,680,1,1,1
164,20719,20759,20800,200,205,405,620,1,615,1,520,1,1,1
165,20839,20877,20919,190,210,400,600,1,590,1,595,1,1,1
166,20958,20996,21035,190,195,385,595,1,595,1,580,1,1,1
167,21075,21112,21154,185,210,395,585,1,580,1,595,1,1,1
168,21189,21229,21263,200,170,370,570,1,585,1,545,1,1,1
169,21303,21343,21381,200,190,390,570,1,570,1,590,1,1,1
170,21422,21461,21500,195,195,390,595,1,590,1,595,1,1,1
171,21543,21583,21627,200,220,420,605,1,610,1,635,1,1,1
172,21669,21707,21746,190,195,385,630,1,620,1,595,1,1,1
173,21797,21836,21877,195,205,400,640,1,645,1,655,1,1,1
174,21928,21968,22010,200,210,410,655,1,660,1,665,1,1,1
175,22061,22101,22148,200,235,435,665,1,665,1,690,1,1,1
176,22191,22233,22271,210,190,400,650,1,660,1,615,1,1,1
177,22319,22359,22402,200,215,415,640,1,630,1,655,1,1,1
178,22435,22485,22547,250,310,560,580,1,630,1,725,1,0,1
181,22699,22742,22805,215,315,530,1320,0,1285,0,1290,0,1,1
182,22824,22864,22927,200,315,515,625,1,610,1,610,1,1,1
183,22950,22989,23042,195,265,460,630,1,625,1,575,1,1,1
184,23075,23115,23184,200,345,545,625,1,630,1,710,1,1,1
185,23207,23246,23290,195,220,415,660,1,655,1,530,1,1,1
186,23338,23377,23425,195,240,435,655,1,655,1,675,1,1,1
187,23473,23512,23574,195,310,505,675,1,675,1,745,1,1,1
188,23611,23651,23714,200,315,515,690,1,695,1,700,1,1,1
189,23746,23786,23830,200,220,420,675,1,675,1,580,1,1,1
190,23878,23919,23989,205,350,555,660,1,665,1,795,1,1,1
