"INDEX","ECG_R","PPG_F","PPG_S","PAT1","PAT2","PAT3","ECG_R_INT","ECG_R_FLAG","PPG_F_INT","PPG_F_FLAG","PPG_S_INT","PPG_S_FLAG","PAT1_FLAG","PAT2_FLAG"
2,117,158,198,205,200,405,NA,1,NA,1,NA,1,1,1
3,254,296,339,210,215,425,685,1,690,1,705,1,1,1
4,390,431,474,205,215,420,680,1,675,1,675,1,1,1
5,524,566,608,210,210,420,670,1,675,1,670,1,1,1
6,651,692,732,205,200,405,635,1,630,1,620,1,1,1
7,779,818,865,195,235,430,640,1,630,1,665,1,1,1
8,909,947,1003,190,280,470,650,1,645,1,690,1,0,1
9,1047,1085,1146,190,305,495,690,1,690,1,715,1,0,1
10,1179,1220,1286,205,330,535,660,1,675,1,700,1,1,1
11,1316,1355,1407,195,260,455,685,1,675,1,605,1,1,1
12,1456,1495,1562,195,335,530,700,1,700,1,775,1,1,1
13,1599,1639,1704,200,325,525,715,1,720,1,710,1,1,1
14,1734,1776,1816,210,200,410,675,1,685,1,560,1,1,1
15,1869,1910,1972,205,310,515,675,1,670,1,780,1,1,1
16,2006,2046,2112,200,330,530,685,1,680,1,700,1,1,1
17,2143,2184,2227,205,215,420,685,1,690,1,575,1,1,1
18,2278,2319,2378,205,295,500,675,1,675,1,755,1,1,1
19,2414,2455,2532,205,385,590,680,1,680,1,770,1,1,1
20,2555,2596,2662,205,330,535,705,1,705,1,650,1,1,1
21,2699,2740,2809,205,345,550,720,1,720,1,735,1,1,1
22,2843,2884,2949,205,325,530,720,1,720,1,700,1,1,1
23,2987,3029,3100,210,355,565,720,1,725,1,755,1,1,1
24,3127,3169,3235,210,330,540,700,1,700,1,675,1,1,1
25,3265,3306,3348,205,210,415,690,1,685,1,565,1,1,1
26,3407,3445,3487,190,210,400,710,1,695,1,695,1,0,1
27,3542,3578,3617,180,195,375,675,1,665,1,650,1,0,1
28,3674,3716,3755,210,195,405,660,1,690,1,690,1,1,1
29,3803,3844,3885,205,205,410,645,1,640,1,650,1,1,1
30,3924,3966,4002,210,180,390,605,1,610,1,585,1,1,1
31,4045,4085,4127,200,210,410,605,1,595,1,625,1,1,1
32,4164,4204,4240,200,180,380,595,1,595,1,565,1,1,1
33,4278,4318,4352,200,170,370,570,0,570,0,560,1,1,1
34,4392,4430,4467,190,185,375,570,0,560,0,575,1,0,1
35,4511,4547,4587,180,200,380,595,1,585,1,600,1,0,1
36,4636,4678,4738,210,300,510,625,1,655,1,755,1,1,1
37,4765,4807,4879,210,360,570,645,1,645,1,705,1,1,1
38,4901,4945,4980,220,175,395,680,1,690,1,505,1,1,1
39,5043,5089,5166,230,385,615,710,1,720,1,930,0,0,1
40,5178,5223,5283,225,300,525,675,1,670,1,585,1,1,1
41,5314,5356,5413,210,285,495,680,1,665,1,650,1,1,1
42,5453,5497,5574,220,385,605,695,1,705,1,805,1,1,1
43,5587,5631,5682,220,255,475,670,1,670,1,540,1,1,1
44,5716,5760,5793,220,165,385,645,1,645,1,555,1,1,1
45,5846,5890,5937,220,235,455,650,1,650,1,720,1,1,1
46,5980,6025,6105,225,400,625,670,1,675,1,840,1,1,1
47,6111,6153,6213,210,300,510,655,1,640,1,540,1,1,1
48,6242,6285,6329,215,220,435,655,1,660,1,580,1,1,1
49,6379,6420,6488,205,340,545,685,1,675,1,795,1,1,1
50,6528,6569,6610,205,205,410,745,1,745,1,610,1,1,1
51,6681,6727,6795,230,340,570,765,1,790,0,925,0,0,1
52,6824,6869,6938,225,345,570,715,1,710,1,715,1,1,1
53,6977,7023,7069,230,230,460,765,1,770,1,655,1,0,1
54,7131,7176,7228,225,260,485,770,1,765,1,795,1,1,1
55,7283,7328,7385,225,285,510,760,1,760,1,785,1,1,1
56,7425,7469,7548,220,395,615,710,1,705,1,815,1,1,1
57,7575,7618,7689,215,355,570,750,1,745,1,705,1,1,1
58,7716,7761,7790,225,145,370,705,1,715,1,505,1,1,1
59,7860,7902,7945,210,215,425,720,1,705,1,775,1,1,1
60,8002,8043,8123,205,400,605,710,1,705,1,890,1,1,1
61,8143,8186,8272,215,430,645,705,1,715,1,745,1,1,1
62,8280,8325,8361,225,180,405,685,1,695,1,445,1,1,1
63,8411,8457,8491,230,170,400,655,1,660,1,650,1,0,1
64,8544,8588,8618,220,150,370,665,1,655,1,635,1,1,1
65,8676,8720,8761,220,205,425,660,1,660,1,715,1,1,1
66,8813,8856,8924,215,340,555,685,1,680,1,815,1,1,1
67,8946,8990,9027,220,185,405,665,1,670,1,515,1,1,1
68,9083,9124,9166,205,210,415,685,1,670,1,695,1,1,1
69,9229,9271,9335,210,320,530,730,1,735,1,845,1,1,1
70,9379,9422,9465,215,215,430,750,1,755,1,650,1,1,1
71,9524,9566,9606,210,200,410,725,1,720,1,705,1,1,1
72,9675,9719,9753,220,170,390,755,1,765,1,735,1,1,1
73,9830,9874,9918,220,220,440,775,0,775,1,825,1,1,1
74,9981,10024,10071,215,235,450,755,1,750,1,765,1,1,1
75,10125,10169,10236,220,335,555,720,1,725,1,825,1,1,1
76,10270,10313,10356,215,215,430,725,1,720,1,600,1,1,1
77,10409,10453,10489,220,180,400,695,1,700,1,665,1,1,1
78,10545,10589,10633,220,220,440,680,1,680,1,720,1,1,1
79,10682,10724,10777,210,265,475,685,1,675,1,720,1,1,1
80,10821,10863,10914,210,255,465,695,1,695,1,685,1,1,1
81,10958,11001,11052,215,255,470,685,1,690,1,690,1,1,1
82,11096,11139,11204,215,325,540,690,1,690,1,760,1,1,1
83,11246,11288,11351,210,315,525,750,1,745,1,735,1,1,1
84,11397,11441,11510,220,345,565,755,1,765,1,795,1,1,1
85,11540,11583,11630,215,235,450,715,1,710,1,600,1,1,1
86,11681,11725,11785,220,300,520,705,1,710,1,775,1,1,1
87,11823,11866,11912,215,230,445,710,1,705,1,635,1,1,1
88,11961,12003,12045,210,210,420,690,1,685,1,665,1,1,1
89,12096,12139,12216,215,385,600,675,1,680,1,855,1,1,1
90,12231,12274,12319,215,225,440,675,1,675,1,515,1,1,1
91,12363,12405,12458,210,265,475,660,1,655,1,695,1,1,1
92,12493,12537,12586,220,245,465,650,1,660,1,640,1,1,1
93,12624,12666,12705,210,195,405,655,1,645,1,595,1,1,1
94,12755,12797,12842,210,225,435,655,1,655,1,685,1,1,1
95,12883,12926,12966,215,200,415,640,1,645,1,620,1,1,1
96,13009,13052,13092,215,200,415,630,1,630,1,630,1,1,1
97,13135,13178,13227,215,245,460,630,1,630,1,675,1,1,1
98,13264,13305,13351,205,230,435,645,1,635,1,620,1,1,1
99,13392,13434,13490,210,280,490,640,1,645,1,695,1,1,1
100,13521,13564,13616,215,260,475,645,1,650,1,630,1,1,1
101,13653,13696,13756,215,300,515,660,1,660,1,700,1,1,1
102,13791,13834,13880,215,230,445,690,1,690,1,620,1,1,1
103,13925,13967,14016,210,245,455,670,1,665,1,680,1,1,1
104,14058,14100,14149,210,245,455,665,1,665,1,665,1,1,1
105,14199,14242,14311,215,345,560,705,1,710,1,810,1,1,1
106,14334,14379,14447,225,340,565,675,1,685,1,680,1,1,1
107,14467,14508,14563,205,275,480,665,1,645,1,580,1,1,1
108,14600,14641,14699,205,290,495,665,1,665,1,680,1,1,1
109,14732,14775,14827,215,260,475,660,1,670,1,640,1,1,1
110,14863,14907,14946,220,195,415,655,1,660,1,595,1,1,1
111,14994,15036,15103,210,335,545,655,1,645,1,785,1,1,1
112,15126,15168,15227,210,295,505,660,1,660,1,620,1,1,1
113,15256,15300,15344,220,220,440,650,1,660,1,585,1,1,1
114,15384,15427,15475,215,240,455,640,1,635,1,655,1,1,1
115,15511,15554,15608,215,270,485,635,1,635,1,665,1,1,1
116,15640,15683,15725,215,210,425,645,1,645,1,585,1,1,1
117,15769,15811,15856,210,225,435,645,1,640,1,655,1,1,1
118,15895,15937,15977,210,200,410,630,1,630,1,605,1,1,1
119,16019,16060,16112,205,260,465,620,1,615,1,675,1,1,1
120,16143,16186,16247,215,305,520,620,1,630,1,675,1,1,1
121,16266,16308,16349,210,205,415,615,1,610,1,510,1,1,1
122,16392,16431,16484,195,265,460,630,1,615,1,675,1,1,1
123,16520,16561,16606,205,225,430,640,1,650,1,610,1,1,1
124,16645,16686,16727,205,205,410,625,1,625,1,605,1,1,1
125,16767,16807,16847,200,200,400,610,1,605,1,600,1,1,1
126,16884,16925,16968,205,215,420,585,1,590,1,605,1,1,1
127,17006,17045,17085,195,200,395,610,1,600,1,585,1,1,1
128,17136,17175,17216,195,205,400,650,1,650,1,655,1,1,1
129,17269,17309,17372,200,315,515,665,1,670,1,780,1,1,1
130,17409,17450,17488,205,190,395,700,1,705,1,580,1,1,1
131,17553,17595,17641,210,230,440,720,1,725,1,765,1,1,1
132,17694,17735,17782,205,235,440,705,1,700,1,705,1,1,1
133,17833,17875,17960,210,425,635,695,1,700,1,890,1,1,1
134,17972,18015,18051,215,180,395,695,1,700,1,455,1,1,1
135,18109,18151,18226,210,375,585,685,1,680,1,875,1,1,1
136,18240,18282,18329,210,235,445,655,1,655,1,515,1,1,1
137,18372,18414,18457,210,215,425,660,1,660,1,640,1,1,1
138,18505,18547,18600,210,265,475,665,1,665,1,715,1,1,1
139,18640,18682,18723,210,205,415,675,1,675,1,615,1,1,1
140,18775,18818,18856,215,190,405,675,1,680,1,665,1,1,1
141,18917,18958,19029,205,355,560,710,1,700,1,865,1,1,1
142,19059,19101,19144,210,215,425,710,1,715,1,575,1,1,1
143,19194,19237,19305,215,340,555,675,1,680,1,805,1,1,1
144,19325,19368,19399,215,155,370,655,1,655,1,470,1,1,1
145,19460,19500,19557,200,285,485,675,1,660,1,790,1,1,1
146,19592,19636,19677,220,205,425,660,1,680,1,600,1,1,1
147,19727,19772,19810,225,190,415,675,1,680,1,665,1,1,1
148,19849,19895,19928,230,165,395,610,1,615,1,590,1,0,1
149,19969,20013,20052,220,195,415,600,1,590,1,620,1,1,1
150,20086,20129,20168,215,195,410,585,1,580,1,580,1,1,1
151,20201,20243,20285,210,210,420,575,0,570,0,585,1,1,1
152,20312,20356,20390,220,170,390,555,0,565,0,525,1,1,1
153,20424,20466,20500,210,170,380,560,0,550,0,550,1,1,1
154,20539,20581,20615,210,170,380,575,0,575,1,575,1,1,1
155,20658,20699,20740,205,205,410,595,1,590,1,625,1,1,1
156,20781,20822,20862,205,200,405,615,1,615,1,610,1,1,1
157,20914,20954,20995,200,205,405,665,1,660,1,665,1,1,1
158,21054,21095,21141,205,230,435,700,1,705,1,730,1,1,1
159,21190,21232,21269,210,185,395,680,1,685,1,640,1,1,1
160,21321,21364,21412,215,240,455,655,1,660,1,715,1,1,1
161,21456,21499,21546,215,235,450,675,1,675,1,670,1,1,1
162,21592,21635,21678,215,215,430,680,1,680,1,660,1,1,1
163,21722,21765,21804,215,195,410,650,1,650,1,630,1,1,1
164,21850,21893,21938,215,225,440,640,1,640,1,670,1,1,1
165,21989,22030,22097,205,335,540,695,1,685,1,795,1,1,1
166,22140,22182,22228,210,230,440,755,1,760,1,655,1,1,1
167,22280,22322,22387,210,325,535,700,1,700,1,795,1,1,1
168,22416,22457,22505,205,240,445,680,1,675,1,590,1,1,1
169,22553,22596,22662,215,330,545,685,1,695,1,785,1,1,1
170,22692,22735,22784,215,245,460,695,1,695,1,610,1,1,1
171,22826,22868,22928,210,300,510,670,1,665,1,720,1,1,1
172,22963,23005,23057,210,260,470,685,1,685,1,645,1,1,1
173,23105,23147,23195,210,240,450,710,1,710,1,690,1,1,1
174,23250,23292,23354,210,310,520,725,1,725,1,795,1,1,1
175,23389,23433,23497,220,320,540,695,1,705,1,715,1,1,1
176,23533,23577,23644,220,335,555,720,1,720,1,735,1,1,1
177,23681,23724,23787,215,315,530,740,1,735,1,715,1,1,1
178,23825,23869,23937,220,340,560,720,1,725,1,750,1,1,1
